Timestamp,accelX(g),accelY(g),accelZ(g),accelUserX(g),accelUserY(g),accelUserZ(g),gyroX(rad/s),gyroY(rad/s),gyroZ(rad/s),Roll(rads),Pitch(rads),Yaw(rads),m11,m12,m13,m21,m22,m23,m31,m32,m33,qX,qY,qZ,qW,Lat,Long,Speed(m/s),TrueHeading,Alt(m),HorizontalAccuracy(m),VerticalAccuracy(m),Course,ActivityType,ActivityConfidence,Pressure(kilopascals),RelativeAltitude(meters),magX(µT),magY(µT),magZ(µT),calMagX(µT),calMagY(µT),calMagZ(µT)
2024-02-04 09:45:35,0.1922,-0.3479,-0.9826,0.007,0.1008,0.0347,-0.2991,0.1544,-0.0899,0.2268,0.4051,2.8174,-0.9519,0.2263,-0.2067,-0.2927,-0.8712,0.3941,-0.0908,0.4357,0.8955,0.0771,-0.2152,-0.9642,-0.1346,46.621187,8.61302,-1.0,109.8,2213.216797,1807.1,61.1,-1.0,Unknown,High,76.119,0.0,453.5881,-134.0068,-256.9979,-9.0679,-27.6036,-45.7127
2024-02-04 09:45:36,0.0908,-0.397,-0.6866,-0.0714,0.0364,0.2205,0.2636,-0.0981,0.1425,0.2149,0.4268,2.8313,-0.9573,0.2142,-0.1941,-0.2779,-0.8668,0.4139,-0.0796,0.4502,0.8894,0.071,-0.2242,-0.9635,-0.1277,46.621187,8.61302,-1.0,108.7,2213.216797,1807.1,61.1,-1.0,Unknown,High,76.119,0.0,454.2118,-134.6189,-255.8427,-8.6285,-27.0907,-45.4847
2024-02-04 09:45:37,0.0375,-0.3651,-0.936,-0.0546,0.0005,-0.0351,0.3272,-0.2148,0.1573,0.1154,0.3652,2.8227,-0.9562,0.2724,-0.1075,-0.2928,-0.887,0.3572,0.0019,0.373,0.9278,0.0272,-0.188,-0.9709,-0.1455,46.621187,8.61302,-1.0,110.9,2213.216797,1807.1,61.1,-1.0,Unknown,High,76.1097,0.9802,440.7044,-129.3311,-257.2758,-22.6558,-22.7829,-46.3289
2024-02-04 09:45:38,0.0144,-0.2673,-0.8922,-0.0412,-0.019,0.0732,0.0626,0.0634,0.2389,0.0429,0.2635,2.8914,-0.9707,0.2365,-0.0414,-0.239,-0.9354,0.2604,0.0229,0.2627,0.9646,0.0047,-0.1329,-0.9837,-0.1209,46.621187,8.61302,-1.0,107.4,2213.216797,1807.1,61.1,-1.0,Unknown,High,76.1004,1.9604,439.4838,-126.7298,-256.5003,-23.4059,-19.9219,-45.7558
2024-02-04 09:45:39,0.1912,-0.4596,-0.8941,0.034,-0.0016,-0.0177,-0.3062,-0.1541,-0.459,0.1838,0.4737,2.6454,-0.9043,0.3947,-0.1626,-0.4236,-0.7826,0.4562,0.0528,0.4814,0.8749,0.0291,-0.2484,-0.9436,-0.2168,46.621187,8.61302,-1.0,118.3,2213.216797,1807.1,61.1,-1.0,Unknown,High,76.0811,3.9846,447.4849,-140.8846,-252.6759,-15.0221,-33.9742,-42.2803
2024-02-04 09:45:40,0.225,-0.482,-0.7916,0.0193,0.0127,0.0684,-0.0684,-0.0483,-0.0016,0.2167,0.5257,2.6461,-0.9105,0.3694,-0.186,-0.4112,-0.761,0.5018,0.0438,0.5334,0.8447,0.0379,-0.276,-0.9376,-0.2081,46.621187,8.61302,-1.0,119.2,2213.216797,1807.1,61.1,-1.0,Unknown,High,76.0614,6.0508,448.9465,-142.5676,-250.6679,-14.0155,-35.3421,-40.202
2024-02-04 09:45:41,0.2409,-0.418,-0.8744,0.0082,0.0245,-0.0106,-0.1424,0.6635,0.0097,0.2666,0.4163,2.7165,-0.9228,0.3008,-0.2409,-0.3772,-0.8332,0.4044,-0.0791,0.464,0.8823,0.0839,-0.2276,-0.9537,-0.1777,46.621187,8.61302,-1.0,114.7,2213.216797,1807.1,61.1,-1.0,Unknown,High,76.0427,8.0142,451.9511,-136.9664,-255.9843,-11.2881,-30.0181,-45.4019
2024-02-04 09:45:42,0.3738,-0.4094,-0.7696,-0.0842,0.0252,-0.0081,0.1272,-0.1666,0.0438,0.521,0.4655,2.6436,-0.8687,0.218,-0.4448,-0.4269,-0.7851,0.4489,-0.2514,0.5798,0.775,0.188,-0.2778,-0.9258,-0.1741,46.621187,8.61302,-1.0,114.6,2213.216797,1807.1,61.1,-1.0,Unknown,High,76.0387,8.4343,462.8488,-140.4557,-253.7213,-0.1487,-33.2059,-43.1086
2024-02-04 09:45:43,0.2383,-0.4277,-0.9639,-0.028,-0.002,-0.0968,-0.1492,-0.0324,0.1396,0.2969,0.4419,2.4565,-0.8196,0.5082,-0.2644,-0.572,-0.7,0.4277,0.0323,0.5018,0.8644,0.0631,-0.2526,-0.9198,-0.2936,46.621187,8.61302,-1.0,129.1,2213.216797,1807.1,61.1,-1.0,Unknown,High,76.0387,8.4343,454.3261,-141.6037,-252.5962,-8.7574,-34.5736,-41.9622
2024-02-04 09:45:44,0.166,-0.4274,-0.8626,0.0022,0.0199,0.0242,0.0234,-0.2583,0.048,0.2066,0.4609,2.5203,-0.849,0.4955,-0.1838,-0.5213,-0.7283,0.4448,0.0865,0.4734,0.8766,0.0262,-0.247,-0.9292,-0.2736,46.621187,8.61302,-1.0,125.7,2213.216797,1807.1,61.1,-1.0,Unknown,High,76.0178,10.6326,449.9722,-141.3657,-252.3625,-12.9526,-34.3532,-41.8149
2024-02-04 09:45:45,0.2034,-0.4053,-0.874,-0.0134,0.0132,0.0039,-0.027,0.0501,0.029,0.2451,0.4304,2.5377,-0.856,0.4675,-0.2206,-0.5161,-0.7481,0.4172,0.0301,0.471,0.8816,0.051,-0.2379,-0.9335,-0.2634,46.621187,8.61302,-1.0,125.7,2213.216797,1807.1,61.1,-1.0,Unknown,High,75.9966,12.8547,451.4661,-140.305,-253.5658,-11.662,-33.0221,-43.0146
2024-02-04 09:45:46,0.5035,-0.6663,-0.5944,-0.0245,-0.0172,-0.0827,-0.1634,-0.1325,-0.151,0.8112,0.7033,2.3532,-0.8181,0.1578,-0.553,-0.5409,-0.5377,0.6467,-0.1953,0.8282,0.5253,0.2205,-0.4345,-0.8487,-0.2058,46.621187,8.61302,-1.0,121.3,2213.216797,1807.1,61.1,-1.0,Unknown,High,75.9755,15.0718,467.6985,-152.7799,-240.2841,4.67,-45.859,-29.6423
2024-02-04 09:45:47,0.1969,-0.4005,-0.9007,-0.006,-0.0025,-0.0114,-0.1587,0.0641,-0.0128,0.2326,0.42,2.5693,-0.8689,0.448,-0.2105,-0.4945,-0.7676,0.4077,0.0211,0.4584,0.8885,0.0504,-0.2307,-0.9388,-0.251,46.621187,8.61302,-1.0,123.3,2213.216797,1807.1,61.1,-1.0,Unknown,High,75.9538,17.3574,450.8279,-137.9223,-254.0884,-12.3133,-30.9733,-43.5905
2024-02-04 09:45:48,0.1983,-0.3678,-0.9695,-0.0371,-0.0914,-0.0539,-0.1585,0.4602,-0.0292,0.2517,0.2805,2.5727,-0.8531,0.4637,-0.2393,-0.5177,-0.8096,0.2768,-0.0654,0.36,0.9306,0.0804,-0.168,-0.9478,-0.2588,46.621187,8.61302,-1.0,123.3,2213.216797,1807.1,61.1,-1.0,Unknown,High,75.9317,19.6799,451.9822,-132.4679,-258.3657,-11.0086,-25.0798,-47.8887
2024-02-04 09:45:49,0.3613,-0.3797,-0.7658,0.0472,-0.0422,0.1188,2.0359,1.8143,0.1425,0.3419,0.3322,2.66,-0.8856,0.3395,-0.317,-0.4379,-0.8378,0.3261,-0.1548,0.4276,0.8906,0.1241,-0.1983,-0.9505,-0.2045,46.621187,8.61302,-1.0,117.5,2213.216797,1807.1,61.1,-1.0,Unknown,High,75.9095,22.021,456.024,-132.6752,-258.8311,-7.277,-26.2953,-47.963
2024-02-04 09:45:50,0.2121,-0.4308,-0.8772,-0.0029,0.0209,-0.0032,0.1098,-0.1335,0.0271,0.2275,0.4508,2.6253,-0.8958,0.3955,-0.203,-0.4443,-0.7828,0.4357,0.0133,0.4805,0.8769,0.0503,-0.2429,-0.9428,-0.2227,46.621187,8.61302,-1.0,119.5,2213.216797,1807.1,61.1,-1.0,Unknown,High,75.8869,24.3965,450.0596,-138.4619,-254.3374,-13.313,-31.5097,-43.8731
2024-02-04 09:45:51,0.0494,-0.452,-0.959,-0.0267,0.0062,-0.0746,-0.4992,0.2723,0.1284,0.0841,0.4824,2.6167,-0.8818,0.4657,-0.0744,-0.444,-0.7666,0.4639,0.159,0.4421,0.8828,-0.0225,-0.2411,-0.9396,-0.242,46.621187,8.61302,-1.0,123.0,2213.216797,1807.1,61.1,-1.0,Unknown,High,75.8638,26.8196,444.053,-140.7908,-250.993,-19.3197,-33.2676,-40.203
2024-02-04 09:45:52,-0.0281,-0.49,-0.8621,0.0381,0.0126,0.0225,-0.1406,0.0765,0.0064,-0.0449,0.5223,2.669,-0.8793,0.4747,0.0389,-0.3945,-0.7717,0.4988,0.2668,0.4233,0.8658,-0.0815,-0.2459,-0.9377,-0.2317,46.621187,8.61302,-1.0,122.0,2213.216797,1807.1,61.1,-1.0,Unknown,High,75.8406,29.2664,437.8503,-141.1022,-247.1629,-25.3241,-34.0554,-36.5511
2024-02-04 09:45:53,-0.0183,-0.4691,-0.8901,0.0163,-0.0057,-0.0005,-0.0293,0.2934,0.0128,-0.0397,0.4815,2.6914,-0.8917,0.4513,0.0351,-0.3857,-0.798,0.4631,0.237,0.3994,0.8856,-0.072,-0.2281,-0.9454,-0.2213,46.621187,8.61302,-1.0,119.9,2213.216797,1807.1,61.1,-1.0,Unknown,High,75.8169,31.7554,438.5396,-138.6368,-247.886,-24.2609,-31.5895,-37.5803
2024-02-04 09:45:54,0.0202,-0.4543,-0.9074,-0.0228,-0.0068,-0.0024,-0.023,-0.0291,-0.0148,0.0428,0.4598,2.6986,-0.9108,0.4111,-0.0383,-0.3841,-0.8097,0.4437,0.1514,0.4189,0.8953,-0.0297,-0.2268,-0.9508,-0.2091,46.609605,8.604715,8.9798,117.9,2430.377686,140.6,185.4,163.9,Unknown,High,75.7934,34.2285,442.0579,-137.5767,-251.0207,-21.0112,-30.6261,-40.3878
2024-02-04 09:45:55,0.0122,-0.4591,-0.8818,-0.0108,-0.0059,0.0093,0.0126,-0.0126,0.0334,0.0258,0.4703,2.7103,-0.913,0.4073,-0.023,-0.3726,-0.8098,0.4532,0.1659,0.4223,0.8911,-0.0376,-0.2303,-0.9505,-0.2051,46.609605,8.604715,8.9798,117.9,2430.377686,140.6,185.4,163.9,Unknown,High,75.7699,36.7017,441.6206,-137.5827,-250.5845,-21.4448,-30.5701,-39.8609
2024-02-04 09:45:56,0.0999,-0.4126,-0.9162,0.0109,0.0017,-0.0105,0.0501,0.0614,0.012,0.0979,0.4272,2.6759,-0.9074,0.4107,-0.089,-0.4087,-0.8132,0.4144,0.0978,0.4124,0.9058,-0.0023,-0.2171,-0.9522,-0.2151,46.610022,8.605324,8.9798,118.9,2509.03418,106.7,122.1,154.9,Unknown,High,75.7459,39.2358,444.8839,-136.855,-253.1409,-18.1878,-29.7955,-42.4606
2024-02-04 09:45:57,0.0904,-0.4021,-0.916,-0.0101,0.0004,-0.0061,-0.0282,0.0012,0.0324,0.11,0.4142,2.7053,-0.9195,0.38,-0.1005,-0.3869,-0.8297,0.4025,0.0696,0.4089,0.9099,0.0081,-0.2121,-0.9564,-0.2005,46.609975,8.605333,8.2617,117.8,2337.459229,92.1,126.4,160.6,Unknown,High,75.7214,41.8198,445.4542,-135.4033,-253.7382,-17.6291,-28.3582,-43.0479
2024-02-04 09:45:58,0.1163,-0.4033,-0.8967,0.008,0.0052,0.011,0.0164,-0.0029,0.0034,0.1093,0.4253,2.7438,-0.9338,0.3436,-0.0994,-0.3529,-0.8398,0.4126,0.0583,0.4204,0.9055,0.0107,-0.2171,-0.959,-0.1816,46.61009,8.605474,8.1406,115.7,2485.375244,78.3,107.5,160.8,Unknown,High,75.6968,44.4067,445.297,-135.0086,-253.4017,-17.812,-28.0067,-42.7758
2024-02-04 09:45:59,0.1153,-0.7175,-0.3498,0.1038,-0.0496,0.3943,2.4125,-1.4867,-0.1391,0.0155,0.7315,2.6499,-0.8863,0.463,-0.0115,-0.3514,-0.656,0.668,0.3017,0.5961,0.7441,-0.08,-0.3486,-0.9064,-0.2246,46.610002,8.605499,7.2399,121.0,2496.556396,104.7,174.5,156.5,Stationary,Low,75.6721,47.0122,441.8662,-148.8274,-240.2066,-21.1722,-41.8101,-29.1766
2024-02-04 09:46:00,-0.0356,-0.509,-0.814,-0.0389,0.0021,0.0456,0.0199,0.0596,-0.0417,0.0039,0.5364,2.718,-0.9124,0.4092,-0.0033,-0.3533,-0.7836,0.511,0.2065,0.4674,0.8596,-0.0539,-0.2595,-0.9428,-0.2022,46.610042,8.605564,7.4354,117.6,2501.913818,82.0,123.6,156.6,Unknown,High,75.647,49.657,441.0186,-140.2213,-247.4004,-21.9237,-33.2983,-36.6761
2024-02-04 09:46:01,0.1269,-0.4247,-0.8895,0.0092,-0.0118,0.0136,-0.084,0.1991,-0.0039,0.1296,0.4257,2.7634,-0.9413,0.3165,-0.1177,-0.3362,-0.8464,0.413,0.0311,0.4283,0.9031,0.0225,-0.219,-0.9606,-0.1699,46.610011,8.605657,7.4354,114.4,2500.215576,70.7,105.8,156.3,Unknown,High,75.647,49.657,446.5383,-134.8597,-253.7692,-16.4559,-27.9025,-43.0456
2024-02-04 09:46:02,0.1534,-0.397,-0.8955,-0.0019,0.0064,0.0063,-0.0045,-0.0054,-0.0043,0.1705,0.4153,2.7566,-0.9391,0.3067,-0.1553,-0.3437,-0.848,0.4034,-0.008,0.4322,0.9017,0.0425,-0.2175,-0.9603,-0.1693,46.609883,8.605693,7.8048,113.4,2501.861084,43.6,80.0,156.1,Unknown,High,75.6217,52.3257,448.6578,-134.6959,-254.9091,-14.4259,-27.5759,-44.3079
2024-02-04 09:46:03,0.2465,-0.3874,-0.9113,0.0643,0.0337,-0.0228,-0.2054,-0.5701,-0.2564,0.2023,0.4346,2.6186,-0.8909,0.416,-0.1823,-0.453,-0.7858,0.4211,0.0319,0.4577,0.8885,0.0398,-0.2327,-0.9441,-0.2301,46.609718,8.605646,8.2773,120.2,2515.381836,39.2,24.8,157.3,Unknown,High,75.5962,55.021,450.2886,-138.698,-253.7951,-12.8161,-31.5398,-43.0993
2024-02-04 09:46:04,0.1781,-0.4858,-0.814,0.0612,0.0665,0.0114,0.3931,-0.0496,0.0781,0.1407,0.5851,2.7218,-0.9357,0.3328,-0.1169,-0.3398,-0.7613,0.5523,0.0948,0.5565,0.8254,0.0059,-0.2954,-0.9384,-0.1792,46.609674,8.605665,8.2773,115.8,2515.622803,29.3,16.9,154.0,Unknown,High,75.5705,57.7346,446.1709,-141.8983,-249.2132,-16.786,-35.4975,-37.6793
2024-02-04 09:46:05,0.1928,-0.5311,-0.8157,0.0192,0.037,-0.0112,0.1046,0.0657,-0.0657,0.2126,0.6042,2.6911,-0.9322,0.3177,-0.1737,-0.3583,-0.7409,0.5681,0.0518,0.5918,0.8045,0.0327,-0.311,-0.9324,-0.1813,46.609619,8.605718,8.2093,115.8,2517.198486,24.2,12.1,153.0,Unknown,High,75.5446,60.4668,447.3957,-144.0907,-247.9484,-15.6413,-36.9649,-37.2118
2024-02-04 09:46:06,0.0614,-0.6299,-0.7266,-0.051,0.0299,0.0164,-0.1528,-0.3169,0.3283,0.1501,0.7205,2.5946,-0.8958,0.43,-0.1124,-0.3909,-0.6418,0.6598,0.2116,0.6349,0.743,-0.0274,-0.3574,-0.9056,-0.2266,46.609553,8.605767,8.2093,121.8,2517.198486,24.2,12.1,153.0,Unknown,High,75.5189,63.1804,444.9534,-150.0633,-239.2,-18.3763,-42.9823,-28.7338
2024-02-04 09:46:07,0.1021,-0.6295,-0.7976,-0.0196,-0.0632,0.0176,-0.2751,-0.0803,-0.0502,0.1482,0.6019,2.5894,-0.8859,0.4476,-0.1217,-0.4324,-0.7017,0.5662,0.1681,0.5542,0.8152,-0.0126,-0.3037,-0.9223,-0.2385,46.609477,8.605815,8.1207,121.8,2518.402832,21.0,9.6,152.7,Unknown,High,75.4939,65.8254,445.0674,-146.6432,-244.8539,-17.9312,-39.2996,-33.868
2024-02-04 09:46:08,0.2141,-0.5641,-0.8392,-0.0978,-0.0868,0.0045,-0.1847,-0.0514,0.0177,0.3587,0.4871,2.6442,-0.9013,0.3024,-0.3102,-0.4217,-0.7766,0.468,-0.0994,0.5526,0.8275,0.1094,-0.2726,-0.9361,-0.1934,46.609422,8.605862,7.3111,117.2,2520.788086,19.4,8.0,152.6,Unknown,High,75.4694,68.4097,454.5553,-141.2851,-252.6014,-8.3897,-33.751,-42.2872
2024-02-04 09:46:09,0.116,-0.4322,-0.8844,-0.0594,-0.0024,0.0013,-0.1113,-0.2346,0.0975,0.1955,0.4443,2.7064,-0.9247,0.3378,-0.1754,-0.3806,-0.8188,0.4298,0.0016,0.4642,0.8857,0.0456,-0.2347,-0.9525,-0.1886,46.609344,8.605912,7.3111,116.2,2523.174316,14.9,6.9,146.5,Unknown,High,75.4458,70.9041,448.2948,-137.1322,-254.0099,-14.7968,-30.0853,-43.2439
2024-02-04 09:46:10,0.1648,-0.5196,-0.8676,-0.0337,0.0207,-0.0565,0.0988,0.1026,0.0065,0.2189,0.5614,2.673,-0.9231,0.3377,-0.1838,-0.3823,-0.7553,0.5324,0.041,0.5617,0.8263,0.0381,-0.2922,-0.936,-0.1923,46.609282,8.605957,7.2102,117.2,2525.98999,13.0,6.3,146.5,Unknown,High,75.4224,73.3799,449.1682,-142.5885,-249.8026,-14.2912,-35.5801,-39.6089
2024-02-04 09:46:11,0.2366,-0.4187,-0.8074,0.0012,0.0939,0.0183,0.3342,0.2147,-0.2987,0.2776,0.5382,2.5654,-0.883,0.4062,-0.2353,-0.4678,-0.72,0.5126,0.0388,0.5627,0.8258,0.0531,-0.2903,-0.9258,-0.236,46.609282,8.605957,7.2102,121.6,2525.98999,13.0,6.3,146.5,Unknown,High,75.3989,75.8608,452.4546,-143.0202,-250.5459,-10.644,-36.2589,-39.7361
2024-02-04 09:46:12,-0.2857,-0.9632,1.8733,-0.0564,-0.0265,1.6089,5.6746,-0.2221,-0.8545,-2.4272,1.2132,-1.1942,-0.8485,0.4769,0.2293,0.3255,0.1287,0.9367,0.4172,0.8695,-0.2645,-0.268,-0.7486,-0.6032,-0.0627,46.60922,8.606014,7.2102,106.8,2528.266602,11.5,5.9,145.3,Unknown,High,75.3753,78.3633,438.9419,-144.1938,-196.082,-24.2536,-35.8568,15.7656
2024-02-04 09:46:13,0.1379,-0.6639,0.3155,-0.1026,0.2709,0.0539,0.4837,1.3542,-2.6381,2.398,1.2076,0.8528,-0.9608,-0.1381,-0.2405,-0.2676,0.2337,0.9348,-0.0729,0.9624,-0.2615,0.1294,-0.7836,-0.6053,-0.0535,46.60917,8.60608,7.4949,102.3,2530.603516,11.5,5.7,142.8,Unknown,High,75.3515,80.8787,484.7288,-150.7155,-198.2965,21.6606,-43.4462,12.3589
2024-02-04 09:46:14,-0.4039,-0.9721,0.3685,-0.1599,-0.0464,0.1421,0.2853,0.0939,0.3753,-2.5954,1.2276,-0.4081,-0.9785,-0.1098,0.1748,0.1336,0.3089,0.9417,-0.1574,0.9447,-0.2875,-0.0074,-0.8023,-0.5878,0.1035,46.609122,8.606136,7.4949,73.4,2533.26416,11.4,5.5,142.7,Unknown,High,75.3274,83.4312,477.1987,-152.8522,-220.2093,16.9522,-45.7275,-11.8957
2024-02-04 09:46:15,-0.2341,-0.9672,0.2039,-0.0419,-0.009,-0.0079,-0.0465,-0.0573,-0.0493,-2.4047,1.2807,-0.6394,-0.9785,-0.0748,0.1922,0.1707,0.2296,0.9582,-0.1158,0.9704,-0.2119,-0.0308,-0.7778,-0.6199,0.099,46.609081,8.606186,7.0465,74.4,2535.578857,11.7,5.5,143.6,Unknown,High,75.3041,85.8938,474.2221,-163.9572,-231.2166,10.8947,-56.7561,-20.9311
2024-02-04 09:46:16,-0.3307,-0.9356,0.4053,-0.0126,-0.0378,-0.0133,-0.0474,0.1272,-0.0028,-2.4072,1.2126,-0.6065,-0.9676,-0.0925,0.235,0.1999,0.2881,0.9365,-0.1543,0.9531,-0.2603,-0.0338,-0.7931,-0.5957,0.1227,46.609037,8.606236,6.9822,70.4,2537.453613,11.9,5.5,146.9,Unknown,High,75.2805,88.396,475.5793,-158.9568,-226.84,12.4769,-51.8666,-16.2316
2024-02-04 09:46:17,-0.1996,-0.9886,0.1599,0.0004,-0.0246,0.0058,-0.1067,0.2834,-0.0716,-2.1075,1.3097,-0.7257,-0.9335,-0.2817,0.2218,0.1713,0.1931,0.9661,-0.315,0.9399,-0.132,0.0367,-0.7514,-0.6341,0.1786,46.608978,8.606291,6.8844,61.9,2539.10083,26.4,5.5,150.7,Unknown,High,75.2805,88.396,496.3787,-159.5118,-223.787,33.1437,-52.5017,-13.3138
2024-02-04 09:46:18,-0.2296,-0.9537,0.1605,-0.0254,-0.0156,-0.0194,0.0604,-0.0122,0.0108,-2.2906,1.3105,-0.5034,-0.928,-0.3184,0.1935,0.1242,0.2254,0.9663,-0.3513,0.9207,-0.1697,0.0637,-0.7621,-0.619,0.1787,46.608907,8.606333,7.0831,61.0,2540.054932,17.5,6.0,157.8,Unknown,High,75.2569,90.8958,495.0987,-160.2828,-233.5897,32.0544,-53.2466,-22.8149
2024-02-04 09:46:19,-0.2107,-0.9577,0.1935,-0.0347,0.0099,0.0126,-0.0553,-0.1024,-0.0094,-2.3699,1.3156,-0.488,-0.9495,-0.2599,0.176,0.1184,0.223,0.9676,-0.2907,0.9395,-0.1809,0.0461,-0.767,-0.6216,0.1521,46.608836,8.60637,7.0831,65.4,2541.441406,11.0,5.9,161.6,Unknown,High,75.2343,93.2871,487.172,-160.7406,-233.7529,24.1923,-53.6967,-23.0751
2024-02-04 09:46:20,-0.2053,-0.9519,0.222,-0.0281,0.0128,0.0063,-0.0211,-0.0213,0.0105,-2.3654,1.2829,-0.4917,-0.9462,-0.2552,0.1989,0.1341,0.2503,0.9588,-0.2945,0.9339,-0.2026,0.0391,-0.7745,-0.611,0.1593,46.608775,8.606408,7.1304,64.2,2542.880371,11.0,5.8,160.9,Unknown,High,75.209,95.9612,484.9974,-161.2838,-234.7305,22.0473,-54.334,-23.8826
2024-02-04 09:46:21,-0.2094,-0.9313,0.2143,-0.0122,-0.0346,0.0125,-0.0129,-0.0501,0.0124,-2.3451,1.275,-0.5081,-0.9436,-0.2573,0.2084,0.1418,0.2547,0.9566,-0.2992,0.9322,-0.2038,0.0373,-0.7749,-0.6093,0.1638,46.608712,8.606434,6.9166,63.1,2544.574219,8.8,5.7,156.1,Unknown,High,75.1831,98.709,484.5665,-161.1956,-236.9138,21.7147,-54.3155,-25.9151
2024-02-04 09:46:22,-0.232,-0.9335,0.2,0.0135,0.0048,-0.0056,0.0311,0.1284,0.0527,-2.3021,1.2467,-0.5587,-0.9403,-0.2442,0.2371,0.1688,0.2701,0.9479,-0.2955,0.9314,-0.2127,0.0242,-0.7783,-0.6036,0.1711,46.608657,8.606478,6.9166,62.0,2546.884277,8.6,5.6,154.5,Unknown,High,75.1568,101.502,485.2491,-159.0333,-237.9055,22.0876,-51.9481,-27.4396
2024-02-04 09:46:23,-0.2107,-0.947,0.2466,0.0572,-0.0175,-0.0068,0.0378,-0.059,0.1023,-2.3284,1.1931,-0.5735,-0.9436,-0.1943,0.2679,0.2001,0.3097,0.9295,-0.2636,0.9307,-0.2534,-0.0018,-0.7916,-0.5875,0.1678,46.608598,8.606532,6.9166,61.0,2549.13501,9.7,5.5,155.0,Unknown,High,75.129,104.4402,485.5106,-157.3313,-243.343,22.1353,-50.4508,-32.3167
2024-02-04 09:46:24,-0.2174,-0.9568,0.2614,0.0555,-0.019,-0.0075,-0.0369,0.1406,0.0313,-2.3133,1.1969,-0.5844,-0.9423,-0.1991,0.2691,0.2015,0.3047,0.9309,-0.2673,0.9314,-0.247,-0.0008,-0.7896,-0.5896,0.1698,46.608533,8.606585,7.1969,61.4,2551.254639,10.7,5.5,155.9,Unknown,High,75.0995,107.5715,481.9404,-157.2561,-238.3359,18.821,-50.1945,-27.7629
2024-02-04 09:46:25,-0.2156,-0.9392,0.2504,0.0118,0.0048,0.0072,-0.01,-0.0863,-0.0283,-2.4145,1.2254,-0.5309,-0.9609,-0.1611,0.2251,0.1714,0.292,0.9409,-0.2173,0.9428,-0.253,-0.0033,-0.7915,-0.595,0.1397,46.60847,8.60664,7.3506,66.8,2553.204834,10.7,5.4,154.7,Unknown,High,75.0707,110.6287,485.3391,-158.3689,-244.1538,22.3098,-51.362,-33.3828
2024-02-04 09:46:26,-0.2269,-0.967,0.2182,-0.0228,-0.0033,-0.0084,-0.0064,0.0137,-0.0473,-2.3939,1.2648,-0.5096,-0.9564,-0.2083,0.2048,0.147,0.263,0.9535,-0.2525,0.942,-0.2209,0.0196,-0.7811,-0.6067,0.1464,46.608405,8.60669,7.3506,65.8,2555.150391,8.6,5.4,153.6,Unknown,High,75.041,113.7808,483.5897,-159.9329,-240.6084,20.5406,-52.8911,-29.9617
2024-02-04 09:46:27,-0.2385,-0.9545,0.2075,-0.0508,-0.0028,-0.0055,-0.0113,-0.0187,-0.0375,-2.406,1.274,-0.4891,-0.956,-0.2181,0.1963,0.1374,0.2582,0.9563,-0.2592,0.9411,-0.2169,0.0259,-0.7796,-0.6085,0.1461,46.608306,8.606761,7.9643,66.8,2580.562744,4.7,3.5,147.6,Stationary,Low,75.0106,117.0098,484.2175,-159.7444,-237.1744,21.1172,-52.6791,-26.623
2024-02-04 09:46:28,-0.2073,-0.9304,0.2002,-0.0225,-0.0436,0.0013,0.0075,0.0085,-0.014,-2.3855,1.2755,-0.4842,-0.9494,-0.2423,0.1997,0.1355,0.2576,0.9567,-0.2832,0.9354,-0.2118,0.0343,-0.7776,-0.6083,0.1552,46.608267,8.606828,7.276,65.7,2583.599609,4.5,3.6,139.0,Unknown,High,74.9799,120.2678,486.5215,-159.6763,-239.3645,23.466,-52.6276,-28.6651
2024-02-04 09:46:29,-0.1982,-0.9398,0.224,0.0162,0.0152,0.0167,-0.0092,0.0292,0.0362,-2.3159,1.267,-0.4991,-0.931,-0.2913,0.2198,0.1432,0.2626,0.9542,-0.3357,0.9199,-0.2028,0.0478,-0.774,-0.6053,0.1794,46.608228,8.606887,7.5914,60.5,2589.197266,4.5,3.6,138.7,Unknown,High,74.949,123.5574,486.8057,-158.9635,-238.0643,23.8201,-51.8966,-27.2379
2024-02-04 09:46:30,-0.1665,-0.943,0.065,0.0462,0.0075,-0.0392,-0.0271,0.0713,-0.0333,-2.1577,1.3103,-0.591,-0.9081,-0.3596,0.2145,0.1435,0.2139,0.9662,-0.3933,0.9083,-0.1427,0.0718,-0.7524,-0.6228,0.2019,46.608169,8.606945,7.7457,56.9,2593.158691,4.5,3.7,141.3,Unknown,High,74.9176,126.8867,491.8967,-153.8629,-250.7876,28.3297,-46.6032,-40.2977
2024-02-04 09:46:31,-0.0989,-0.9879,0.1174,0.0223,-0.0161,0.0023,-0.0259,-0.2562,0.0508,-2.2667,1.4021,-0.5011,-0.9257,-0.3557,0.1289,0.0807,0.1473,0.9858,-0.3696,0.9229,-0.1077,0.0931,-0.7384,-0.6463,0.1688,46.608114,8.60701,7.9315,63.2,2597.579346,4.6,3.6,140.8,Unknown,High,74.886,130.2505,475.4584,-131.5632,-236.2713,13.0296,-24.1048,-26.1821
2024-02-04 09:46:32,-0.1881,-0.9899,0.0996,-0.0037,0.0059,0.0164,-0.012,0.114,-0.0194,-1.9748,1.3831,-0.5416,-0.8025,-0.5714,0.1715,0.0962,0.1599,0.9824,-0.5888,0.8049,-0.0733,0.1665,-0.7134,-0.6264,0.2665,46.608052,8.607066,7.8477,47.7,2601.006592,4.6,3.6,144.9,Unknown,High,74.8542,133.6299,506.5641,-146.2159,-272.2295,43.715,-39.5515,-61.6771
2024-02-04 09:46:33,-0.1431,-0.9973,0.0723,0.0098,-0.0151,-0.0002,0.0109,0.1173,-0.0245,-1.9953,1.3884,-0.4668,-0.7711,-0.6149,0.1653,0.0816,0.162,0.9834,-0.6315,0.7718,-0.0747,0.1882,-0.7085,-0.6193,0.2812,46.607976,8.607095,7.9553,45.5,2604.178955,4.7,3.5,153.4,Unknown,High,74.8217,137.0862,510.7042,-152.7211,-273.3562,47.6886,-45.8225,-62.5843
2024-02-04 09:46:34,-0.24,-1.002,-0.0027,-0.0299,0.0059,-0.0146,0.001,0.0418,-0.0636,-1.7443,1.4233,-0.4867,-0.6083,-0.7804,0.1448,0.0687,0.1299,0.9891,-0.7907,0.6116,-0.0254,0.268,-0.664,-0.6027,0.3522,46.607894,8.607134,8.803,32.8,2606.653076,4.7,3.4,156.3,Unknown,High,74.7895,140.5212,526.472,-159.4056,-246.7115,63.1101,-52.3666,-35.9736
2024-02-04 09:46:35,-0.2087,-1.0046,-0.0341,-0.0218,0.0033,-0.0643,0.0072,-0.0052,-0.0186,-1.799,1.4371,-0.4288,-0.6071,-0.784,0.1299,0.0554,0.1213,0.9911,-0.7927,0.6089,-0.0302,0.2747,-0.663,-0.6033,0.3479,46.60784,8.607195,7.7139,33.4,2608.254395,4.7,3.4,148.1,Unknown,High,74.7895,140.5212,522.2668,-166.1624,-238.9537,59.0228,-59.0778,-28.5703
2024-02-04 09:46:36,-0.1158,-0.9396,0.0371,-0.008,-0.0275,-0.0128,0.0057,0.0255,0.0092,-1.8313,1.4169,-0.4552,-0.6511,-0.7444,0.1481,0.0674,0.1377,0.9882,-0.756,0.6534,-0.0395,0.2503,-0.6761,-0.607,0.3343,46.607779,8.60725,7.3066,35.5,2608.269043,4.9,3.2,146.6,Unknown,High,74.7574,143.9402,526.5068,-167.7236,-250.5148,63.6301,-60.7907,-39.6884
2024-02-04 09:46:37,-0.15,-1.015,0.0482,-0.0204,0.0101,0.0031,-0.0004,-0.1594,0.0548,-1.8326,1.4089,-0.4747,-0.6659,-0.7296,0.1557,0.0737,0.1434,0.9869,-0.7424,0.6686,-0.0417,0.2411,-0.6802,-0.6084,0.3301,46.607756,8.607344,6.8707,35.6,2609.626709,5.0,3.0,128.8,Unknown,High,74.7254,147.3462,524.64,-167.4201,-252.7862,61.5097,-60.2348,-42.1644
2024-02-04 09:46:38,-0.2226,-1.0196,0.0614,-0.0447,-0.0079,-0.0523,-0.0559,-0.4846,0.1773,-2.0615,1.3575,-0.7315,-0.9265,-0.3267,0.1867,0.1414,0.1575,0.9773,-0.3487,0.9319,-0.0997,0.0627,-0.7389,-0.646,0.1812,46.60766,8.607403,8.9938,62.1,2610.660889,4.9,3.2,146.6,Unknown,High,74.6926,150.8342,465.6168,-178.247,-228.984,3.5181,-71.3724,-18.9511
2024-02-04 09:46:39,-0.1594,-0.9372,0.0322,-0.0008,0.035,-0.0889,-0.1354,-0.0007,0.0796,-2.1443,1.354,-0.5946,-0.909,-0.3756,0.1807,0.1205,0.1782,0.9766,-0.399,0.9095,-0.1167,0.0859,-0.7423,-0.6352,0.1952,46.6076,8.607436,8.353,59.6,2611.558594,5.0,3.4,154.3,Unknown,High,74.6606,154.2454,468.4532,-185.0217,-234.3218,5.4821,-77.9592,-23.5807
2024-02-04 09:46:40,-0.1847,-0.9602,0.0704,0.0122,-0.0207,-0.04,0.0277,-0.3249,0.0217,-2.0545,1.348,-0.5776,-0.861,-0.4694,0.1956,0.1207,0.1851,0.9753,-0.4941,0.8633,-0.1028,0.119,-0.733,-0.6271,0.2352,46.607515,8.607429,7.5929,52.3,2611.988281,5.1,3.4,165.9,Unknown,High,74.6273,157.802,455.9913,-182.9495,-221.8355,-7.0892,-75.9226,-11.2211
2024-02-04 09:46:41,-0.0992,-1.0297,0.2247,-0.0431,-0.1261,0.0249,-0.0756,-0.4764,0.1118,-2.557,1.3729,-0.6061,-0.9936,0.0303,0.1085,0.112,0.1616,0.9805,0.0122,0.9864,-0.164,-0.0467,-0.7614,-0.6458,0.0316,46.607443,8.607425,7.7386,87.1,2615.300537,6.3,3.6,171.3,Unknown,High,74.5937,161.377,464.0354,-176.671,-206.9413,0.9587,-69.4478,3.6996
2024-02-04 09:46:42,-0.1759,-0.9498,0.2368,0.0075,-0.0048,0.0021,-0.0544,0.1065,0.0311,-2.4488,1.2702,-0.7046,-0.9814,0.0337,0.1891,0.1918,0.2256,0.9551,-0.0105,0.9736,-0.2279,-0.0723,-0.7802,-0.618,0.064,46.607383,8.607504,7.5271,82.0,2618.649414,7.3,3.7,161.8,Unknown,High,74.56,164.9758,449.5394,-164.8228,-200.7626,-13.8023,-57.862,9.7637
2024-02-04 09:46:43,0.0305,-0.8148,0.1644,0.1906,0.1482,-0.0186,0.1166,0.0871,-0.0138,-2.373,1.3334,-0.777,-0.9863,0.0222,0.1635,0.1649,0.1677,0.9719,-0.0058,0.9856,-0.1691,-0.0614,-0.7621,-0.6422,0.0555,46.607347,8.607555,6.6848,83.6,2622.037109,9.1,3.9,156.0,Unknown,High,74.5261,168.5957,464.0568,-172.8528,-214.2869,1.354,-65.7774,-4.1002
2024-02-04 09:46:44,-0.1997,-0.9444,0.1993,0.0124,0.004,-0.0193,0.033,0.1172,0.0179,-2.3898,1.2653,-0.7952,-0.9765,0.0655,0.2054,0.2147,0.2106,0.9537,0.0193,0.9754,-0.2197,-0.0903,-0.7757,-0.6217,0.06,46.607214,8.607683,9.4501,82.4,2626.790771,9.5,4.3,154.4,Unknown,High,74.4917,172.2712,461.7075,-169.6644,-205.5281,-1.4041,-62.6605,5.1364
2024-02-04 09:46:45,-0.2181,-0.9521,0.2108,-0.0068,-0.0021,-0.004,0.0135,0.0101,-0.0261,-2.3474,1.263,-0.8164,-0.9753,0.0452,0.2161,0.2208,0.2075,0.953,-0.0018,0.9772,-0.2123,-0.0859,-0.7738,-0.6236,0.0704,46.607064,8.607599,9.7987,81.3,2626.072266,10.5,4.1,169.5,Unknown,High,74.4586,175.804,462.498,-168.8281,-208.1524,-0.5595,-61.6333,2.8844
2024-02-04 09:46:46,-0.2191,-0.9614,0.208,0.0048,0.0238,-0.0144,-0.0143,-0.0401,-0.0165,-2.3563,1.2697,-0.7975,-0.9772,0.0344,0.2097,0.2122,0.2071,0.955,-0.0105,0.9777,-0.2097,-0.0797,-0.7736,-0.6246,0.0712,46.607005,8.607621,8.4196,80.3,2627.825684,12.7,4.0,168.5,Unknown,High,74.4251,179.3843,460.9077,-169.5368,-207.0965,-2.0814,-62.3657,3.3829
2024-02-04 09:46:47,-0.1485,-0.971,0.2313,0.0107,-0.0014,0.0221,0.0496,0.0961,-0.0724,-2.4963,1.3036,-0.6386,-0.9873,0.0104,0.1588,0.1574,0.212,0.9645,-0.0236,0.9772,-0.2109,-0.054,-0.7762,-0.6254,0.0588,46.606948,8.607616,7.5695,82.3,2630.219727,16.0,4.5,172.2,Unknown,High,74.3905,183.0837,457.8849,-164.5133,-203.7354,-5.2624,-57.5125,6.928
2024-02-04 09:46:48,-0.1847,-0.9577,0.1942,-0.0191,0.0009,-0.0041,-0.0081,0.0092,0.0017,-2.4151,1.3026,-0.7261,-0.9842,0.0174,0.176,0.176,0.1982,0.9642,-0.0181,0.98,-0.1981,-0.0626,-0.7714,-0.6301,0.0629,46.606915,8.607618,6.5844,82.3,2632.605957,19.3,4.9,173.0,Unknown,High,74.3555,186.8225,457.7305,-166.476,-205.903,-5.2181,-59.3941,4.9806
2024-02-04 09:46:49,-0.179,-0.9641,0.1937,-0.0026,0.0003,-0.0035,-0.0046,-0.0112,0.0024,-2.412,1.303,-0.7248,-0.9842,0.013,0.1764,0.1754,0.1981,0.9644,-0.0224,0.9801,-0.1973,-0.0611,-0.7713,-0.6303,0.0644,46.606917,8.607592,4.7158,82.3,2635.117676,22.5,5.4,179.9,Unknown,High,74.3209,190.5217,457.7657,-167.1828,-206.0965,-5.2534,-60.0551,4.5912
2024-02-04 09:46:50,-0.1629,-0.968,0.1897,0.0134,-0.0032,-0.0057,-0.0189,-0.0424,-0.0051,-2.4075,1.3045,-0.7402,-0.9841,0.0236,0.1763,0.1775,0.1943,0.9647,-0.0115,0.9807,-0.1954,-0.0653,-0.7704,-0.6313,0.061,46.606883,8.607574,4.596,82.3,2637.477051,26.8,5.9,182.4,Unknown,High,74.2851,194.3557,457.2942,-167.4855,-205.4511,-5.6104,-60.6969,5.0897
2024-02-04 09:46:51,-0.1794,-0.9586,0.2039,0.0086,0.0026,0.0017,0.0157,0.0019,0.0156,-2.3927,1.291,-0.7575,-0.9818,0.0279,0.188,0.1898,0.2006,0.9611,-0.011,0.9793,-0.2023,-0.0705,-0.7721,-0.6283,0.0644,46.607029,8.607628,1.5261,82.3,2641.987061,28.7,6.3,170.4,Unknown,High,74.2491,198.2083,456.2955,-167.5284,-205.3268,-6.7647,-60.4972,5.3437
2024-02-04 09:46:52,-0.1882,-0.9709,0.199,0.0008,-0.011,-0.0083,-0.0041,-0.0359,0.0051,-2.4023,1.2865,-0.7446,-0.9817,0.0252,0.189,0.1901,0.2063,0.9599,-0.0148,0.9782,-0.2073,-0.0696,-0.7738,-0.6261,0.0658,46.607109,8.607732,3.02,81.3,2646.237305,31.2,6.8,-1.0,Unknown,High,74.2139,201.9814,456.3999,-167.8282,-205.4386,-6.6651,-60.7284,5.2457
2024-02-04 09:46:53,-0.1849,-0.945,0.1958,-0.0029,-0.0024,-0.0015,-0.0178,-0.0237,-0.0001,-2.3965,1.2923,-0.7469,-0.9822,0.0209,0.1864,0.1868,0.2017,0.9615,-0.0175,0.9792,-0.2021,-0.0672,-0.7723,-0.6282,0.066,46.607141,8.607802,1.7737,81.3,2649.655029,34.6,7.3,77.3,Unknown,High,74.2139,201.9814,456.009,-168.4081,-205.1225,-7.0761,-61.3679,5.5304
2024-02-04 09:46:54,-0.1913,-0.9541,0.1909,-0.005,-0.0015,0.0012,-0.0068,0.0039,0.0068,-2.3856,1.2987,-0.7622,-0.9826,0.0245,0.1843,0.1856,0.1944,0.9632,-0.0123,0.9806,-0.1955,-0.0682,-0.7701,-0.631,0.0638,46.607148,8.608066,4.2245,81.3,2646.696777,38.2,7.2,86.2,Unknown,High,74.1787,205.7468,456.2314,-168.8137,-205.5838,-6.8421,-61.7656,5.0587
2024-02-04 09:46:55,-0.1859,-0.9493,0.1906,-0.0064,0.0025,0.0076,0.0024,0.007,-0.0135,-2.3942,1.2961,-0.7484,-0.9827,0.0197,0.1844,0.1846,0.1988,0.9625,-0.0177,0.9798,-0.199,-0.0662,-0.7714,-0.6295,0.0655,46.607031,8.608327,7.0359,81.3,2645.391846,42.4,7.4,110.8,Unknown,High,74.143,209.5835,456.3691,-169.0168,-205.3966,-6.7004,-61.9819,5.3233
2024-02-04 09:46:56,-0.1877,-0.9594,0.203,-0.002,-0.0023,-0.003,-0.002,-0.004,0.0107,-2.3996,1.2886,-0.7484,-0.9818,0.026,0.1882,0.1895,0.204,0.9605,-0.0134,0.9786,-0.2052,-0.0697,-0.7732,-0.627,0.0652,46.606956,8.608459,7.7504,81.3,2645.167969,45.6,7.5,114.9,Unknown,High,74.1073,213.4094,456.3124,-169.5974,-205.4191,-6.7434,-62.6291,5.2972
2024-02-04 09:46:57,-0.1985,-0.9698,0.2145,0.0005,-0.0117,0.0061,0.0156,-0.0115,0.0081,-2.3921,1.2807,-0.7671,-0.9801,0.0381,0.1948,0.1985,0.2059,0.9582,-0.0036,0.9778,-0.2094,-0.0764,-0.7738,-0.6255,0.0641,46.607193,8.60888,8.9745,81.3,2646.30542,45.7,7.6,85.7,Unknown,High,74.0711,217.291,455.8954,-168.8819,-204.8973,-7.1963,-61.8625,5.6582
2024-02-04 09:46:58,-0.1961,-0.953,0.206,0.0098,-0.0041,-0.0013,-0.0199,-0.0488,-0.0034,-2.3794,1.2767,-0.7854,-0.9788,0.0441,0.2001,0.2049,0.2049,0.9571,0.0012,0.9778,-0.2096,-0.0805,-0.7735,-0.6253,0.0643,46.607184,8.608994,9.0464,81.3,2641.555908,51.2,7.6,85.2,Unknown,High,74.0343,221.2307,455.9274,-168.9061,-204.3216,-7.0987,-61.8116,6.3114
2024-02-04 09:46:59,-0.2037,-0.9718,0.2069,0.0004,0.0166,-0.0046,-0.0026,0.0126,0.0026,-2.3765,1.2852,-0.8049,-0.979,0.0592,0.1951,0.2031,0.1953,0.9595,0.0187,0.979,-0.2032,-0.0851,-0.771,-0.6286,0.0572,46.607147,8.609298,9.3671,82.4,2637.17749,58.8,7.7,89.7,Unknown,High,73.9974,225.1995,455.9901,-169.4184,-204.8455,-7.0691,-62.4755,6.1097
2024-02-04 09:47:00,-0.2023,-0.9583,0.2021,-0.0056,-0.0081,0.0,0.0224,0.01,-0.0073,-2.3971,1.2796,-0.7637,-0.9801,0.0399,0.1945,0.1986,0.2074,0.9579,-0.0021,0.9774,-0.2112,-0.077,-0.7744,-0.6248,0.0635,46.607094,8.609089,6.9314,82.4,2636.930908,63.2,7.9,89.1,Unknown,High,73.9601,229.2026,456.7008,-169.0699,-204.9058,-6.3628,-62.0154,5.7225
2024-02-04 09:47:01,-0.2004,-0.964,0.2074,-0.0012,-0.0011,-0.0021,-0.0142,-0.0133,0.0002,-2.3764,1.2793,-0.7761,-0.9795,0.0317,0.199,0.2013,0.2051,0.9578,-0.0104,0.9782,-0.2073,-0.0753,-0.7733,-0.6259,0.0677,46.607035,8.609136,6.8245,81.3,2635.888428,68.2,8.1,95.0,Unknown,High,73.9226,233.2349,456.1759,-168.7205,-205.2964,-6.9054,-62.0179,5.2881
2024-02-04 09:47:02,-0.199,-0.9561,0.2092,-0.0058,-0.0159,0.0077,-0.0044,-0.0075,0.0045,-2.359,1.2794,-0.7998,-0.9785,0.0379,0.2026,0.2061,0.2002,0.9578,-0.0043,0.979,-0.2037,-0.079,-0.7718,-0.6274,0.067,46.607035,8.609136,6.8245,81.3,2635.888428,68.2,8.1,95.0,Unknown,High,73.885,237.2671,455.8555,-168.6952,-205.9372,-7.1989,-61.6328,4.8307
2024-02-04 09:47:03,-0.1994,-0.9441,0.2007,0.0001,-0.0013,-0.0011,-0.0062,0.002,0.0006,-2.3567,1.278,-0.8028,-0.9782,0.0388,0.204,0.2076,0.2005,0.9575,-0.0037,0.9789,-0.2042,-0.0798,-0.7718,-0.6272,0.0673,46.606959,8.609354,8.76,81.3,2635.632812,72.8,8.3,104.4,Unknown,High,73.8473,241.323,455.7021,-168.2696,-205.4367,-7.4705,-61.1876,5.3707
2024-02-04 09:47:04,-0.195,-0.9592,0.1982,-0.009,-0.013,-0.0098,-0.0062,0.0066,-0.0001,-2.3766,1.2801,-0.7831,-0.9793,0.0387,0.1985,0.2022,0.2032,0.958,-0.0033,0.9784,-0.2068,-0.0779,-0.7729,-0.6264,0.0653,46.606934,8.609461,8.7697,81.3,2635.358887,80.0,8.7,104.5,Unknown,High,73.8094,245.4028,455.5895,-168.4971,-205.5392,-7.4613,-61.2107,5.2702
2024-02-04 09:47:05,-0.2076,-0.9714,0.2075,-0.0117,-0.0119,-0.0074,-0.0076,0.0407,0.0084,-2.3934,1.2751,-0.7656,-0.9794,0.0387,0.1982,0.2019,0.2101,0.9566,-0.0046,0.9769,-0.2136,-0.0776,-0.7751,-0.6236,0.0654,46.606909,8.609577,8.7607,81.3,2635.238525,85.6,8.9,104.6,Unknown,High,73.7712,249.5088,455.5545,-168.5124,-205.0471,-7.6142,-61.3117,5.8376
2024-02-04 09:47:06,-0.2014,-0.9594,0.2137,0.0024,-0.0062,0.0058,-0.0132,-0.0207,-0.0001,-2.3854,1.2753,-0.7742,-0.979,0.0392,0.1998,0.2036,0.2082,0.9567,-0.0041,0.9773,-0.2118,-0.0784,-0.7745,-0.6243,0.0658,46.606887,8.609681,8.7617,81.3,2635.074707,92.2,9.2,104.7,Unknown,High,73.733,253.6309,455.5112,-168.3946,-205.0646,-7.5241,-61.2996,5.8443
2024-02-04 09:47:07,-0.1976,-0.955,0.204,0.0044,0.0027,-0.0063,-0.0143,-0.0071,-0.0109,-2.3743,1.2767,-0.7866,-0.9787,0.0404,0.2013,0.2053,0.2047,0.9571,-0.0026,0.978,-0.2087,-0.0794,-0.7733,-0.6256,0.0659,46.606763,8.609938,10.8606,81.3,2635.254883,94.6,9.5,111.5,Unknown,High,73.6941,257.8137,455.5347,-168.6576,-205.3979,-7.5075,-61.5002,5.3463
2024-02-04 09:47:08,-0.2058,-0.9791,0.2088,0.0025,0.0118,-0.0113,-0.0076,-0.0066,-0.0054,-2.3889,1.2747,-0.7697,-0.9792,0.0384,0.1995,0.2031,0.2095,0.9565,-0.0051,0.9771,-0.2129,-0.0779,-0.7749,-0.6238,0.066,46.606694,8.610174,12.0212,81.3,2635.555908,98.8,9.7,112.7,Unknown,High,73.6551,262.0176,455.4637,-168.7232,-205.1533,-7.5306,-61.691,5.4442
2024-02-04 09:47:09,-0.2033,-0.9514,0.2141,-0.0059,0.006,0.0026,0.0019,-0.0157,-0.0012,-2.4007,1.2736,-0.7604,-0.9794,0.041,0.1977,0.2018,0.2122,0.9562,-0.0028,0.9764,-0.2161,-0.0782,-0.7758,-0.6227,0.0646,46.606694,8.610174,12.0212,81.3,2635.555908,98.8,9.7,112.7,Stationary,Low,73.6551,262.0176,455.4667,-168.556,-204.8267,-7.5803,-61.4735,6.039
2024-02-04 09:47:10,-0.1975,-0.9495,0.1962,-0.0004,0.0003,-0.0021,-0.0084,-0.0218,0.0069,-2.3854,1.2793,-0.7798,-0.9794,0.0442,0.1972,0.2021,0.2044,0.9578,0.002,0.9779,-0.2091,-0.0796,-0.7734,-0.6257,0.0631,46.605413,8.609412,14.8603,81.3,2640.885254,99.3,10.8,150.8,Unknown,High,73.6158,266.2559,454.8141,-169.1636,-204.5294,-8.1438,-62.1455,6.29
2024-02-04 09:47:11,-0.1949,-0.9622,0.2052,0.0009,-0.0028,0.0023,-0.0079,-0.0167,-0.0028,-2.3742,1.2849,-0.796,-0.9795,0.0484,0.1958,0.2015,0.1973,0.9594,0.0078,0.9792,-0.203,-0.081,-0.7713,-0.6283,0.0609,46.60518,8.609398,15.1845,82.3,2642.617432,99.0,11.4,153.2,Unknown,High,73.5763,270.51,454.7492,-168.977,-204.569,-8.2085,-61.8012,5.9159
2024-02-04 09:47:12,-0.1891,-0.9559,0.2139,0.0071,-0.0113,0.004,-0.0041,-0.0097,-0.0165,-2.3791,1.2844,-0.7904,-0.9796,0.0477,0.1951,0.2008,0.1988,0.9593,0.007,0.9789,-0.2043,-0.0805,-0.7718,-0.6278,0.0609,46.605083,8.609653,15.8761,82.3,2643.992188,92.2,11.9,149.2,Unknown,High,73.5365,274.8118,454.7903,-169.0275,-204.7191,-8.2405,-61.9597,5.9963
2024-02-04 09:47:13,-0.1882,-0.9681,0.1992,0.0002,-0.0126,-0.0016,0.0014,-0.0325,-0.0022,-2.3764,1.2857,-0.7912,-0.9798,0.0456,0.1948,0.2,0.1977,0.9596,0.0052,0.9792,-0.2028,-0.0796,-0.7714,-0.6283,0.0614,46.604313,8.609297,19.4253,82.3,2647.458008,92.8,12.4,159.5,Unknown,High,73.4965,279.1294,454.0048,-169.6914,-204.125,-9.1542,-62.8298,6.433
2024-02-04 09:47:14,-0.2015,-0.9591,0.1999,0.0026,-0.0005,-0.0005,0.0016,-0.0024,0.0015,-2.3707,1.2853,-0.7909,-0.9797,0.0399,0.1963,0.2003,0.1981,0.9595,-0.0006,0.9794,-0.2021,-0.0779,-0.7713,-0.6284,0.0638,46.604156,8.609376,19.176,82.3,2658.608398,96.1,12.9,159.6,Unknown,High,73.4564,283.4548,453.555,-169.8014,-204.2459,-9.4932,-62.7899,6.4212
2024-02-04 09:47:15,-0.2045,-0.9806,0.1974,-0.0005,0.0109,-0.0101,0.0043,0.0193,-0.0004,-2.3648,1.2865,-0.7914,-0.9799,0.0343,0.1966,0.1995,0.1971,0.9599,-0.0058,0.9798,-0.2,-0.0758,-0.7709,-0.629,0.0656,46.604096,8.609496,18.0375,81.3,2659.984131,98.8,13.4,158.4,Unknown,High,73.4159,287.8252,453.7005,-170.0065,-204.3035,-9.42,-62.9739,6.4784
2024-02-04 09:47:16,-0.1939,-0.9649,0.2034,-0.0065,-0.0079,-0.0038,-0.0057,0.0013,0.0035,-2.3879,1.2851,-0.7705,-0.9805,0.0367,0.1929,0.1963,0.2022,0.9595,-0.0038,0.9786,-0.2055,-0.0754,-0.7727,-0.6271,0.0636,46.604096,8.609496,18.0375,81.3,2659.984131,98.8,13.4,158.4,Unknown,High,73.3753,292.2141,453.9847,-170.2012,-203.7311,-9.1068,-63.1084,6.9267
2024-02-04 09:47:17,-0.1994,-0.9541,0.2032,0.0008,0.0015,-0.0049,0.0063,0.0239,-0.0067,-2.3928,1.2808,-0.7564,-0.9805,0.0283,0.1947,0.1962,0.2079,0.9583,-0.0134,0.9777,-0.2094,-0.0725,-0.7742,-0.6251,0.0672,46.604096,8.609496,18.0375,81.3,2659.984131,98.8,13.4,158.4,Stationary,Low,73.3346,296.6162,453.8965,-169.8214,-203.6226,-9.085,-62.8399,7.0656
2024-02-04 09:47:18,-0.1964,-0.955,0.2025,-0.0054,0.0119,-0.0041,-0.002,-0.0145,0.003,-2.3896,1.2833,-0.7635,-0.9806,0.0318,0.1937,0.196,0.2048,0.959,-0.0092,0.9783,-0.2071,-0.0736,-0.7734,-0.6262,0.0656,46.604096,8.609496,18.0375,81.3,2659.984131,98.8,13.4,158.4,Stationary,Low,73.2935,301.071,453.7621,-169.8412,-203.35,-9.4816,-62.6822,7.1871
2024-02-04 09:47:19,-0.1942,-0.9516,0.2092,-0.0015,-0.0125,0.0075,-0.0101,-0.0091,-0.0024,-2.3807,1.2872,-0.7773,-0.9805,0.0361,0.1929,0.1962,0.1994,0.9601,-0.0039,0.9792,-0.2026,-0.0752,-0.7718,-0.6282,0.0638,46.604096,8.609496,18.0375,81.3,2659.984131,98.8,13.4,158.4,Stationary,Low,73.252,305.5579,453.379,-169.3997,-203.66,-9.6996,-62.3775,7.3088
2024-02-04 09:47:20,-0.1929,-0.9459,0.2004,0.0025,0.0133,-0.0039,0.0133,0.0032,0.0022,-2.3786,1.2842,-0.7708,-0.9803,0.028,0.1953,0.1969,0.2028,0.9592,-0.0127,0.9788,-0.2043,-0.0728,-0.7726,-0.6272,0.0673,46.604096,8.609496,18.0375,81.3,2659.984131,98.8,13.4,158.4,Stationary,Low,73.2103,310.0708,453.4098,-169.7555,-203.1831,-9.7891,-62.5924,7.4431
2024-02-04 09:47:21,-0.1959,-0.9653,0.2054,0.007,0.0307,-0.011,-0.005,0.0081,0.0046,-2.389,1.2858,-0.7671,-0.9808,0.0343,0.1922,0.1952,0.2024,0.9597,-0.006,0.9787,-0.2052,-0.0742,-0.7727,-0.6271,0.0641,46.604096,8.609496,18.0375,81.3,2659.984131,98.8,13.4,158.4,Stationary,High,73.1684,314.6104,453.1245,-169.5357,-203.5002,-9.8603,-62.5873,7.5351
2024-02-04 09:47:22,-0.1938,-0.9638,0.207,0.0035,0.0019,-0.001,0.0031,0.0028,0.001,-2.3885,1.2801,-0.7602,-0.9802,0.0279,0.196,0.1975,0.2077,0.958,-0.014,0.9778,-0.2091,-0.0728,-0.7741,-0.6252,0.0678,46.604096,8.609496,18.0375,81.3,2659.984131,98.8,13.4,158.4,Stationary,High,73.126,319.2026,453.5039,-169.4723,-203.4507,-9.5851,-62.4742,7.1106
2024-02-04 09:47:23,-0.1895,-0.9601,0.202,-0.0058,0.0115,-0.0069,-0.0071,0.0038,0.0033,-2.3868,1.2853,-0.763,-0.9808,0.0282,0.1929,0.1946,0.2035,0.9595,-0.0122,0.9787,-0.2051,-0.0721,-0.7729,-0.6269,0.0663,46.604096,8.609496,18.0375,81.3,2659.984131,98.8,13.4,158.4,Stationary,High,73.0839,323.7739,453.3587,-169.7806,-203.1177,-9.7983,-62.6344,7.3414
2024-02-04 09:47:24,-0.2031,-0.9664,0.2016,-0.0106,-0.0184,-0.0009,-0.0207,0.0116,0.0068,-2.3862,1.2867,-0.7685,-0.9808,0.0329,0.1922,0.1948,0.2015,0.9599,-0.0072,0.9789,-0.2041,-0.0737,-0.7724,-0.6275,0.0645,46.604096,8.609496,18.0375,81.3,2659.984131,98.8,13.4,158.4,Stationary,High,73.0413,328.3979,453.3118,-169.6751,-203.4903,-9.8582,-62.6094,7.3342
2024-02-04 09:47:25,-0.1938,-0.958,0.2043,0.0006,0.005,0.0006,0.0044,-0.0008,-0.006,-2.3827,1.2861,-0.7636,-0.9808,0.0247,0.1933,0.1942,0.2029,0.9597,-0.0155,0.9789,-0.2038,-0.0708,-0.7726,-0.6273,0.0676,46.604096,8.609496,18.0375,81.3,2659.984131,98.8,13.4,158.4,Stationary,High,72.9986,333.0327,453.4473,-169.7501,-203.5347,-9.7159,-62.8467,7.3167
2024-02-04 09:47:26,-0.1893,-0.9612,0.2072,-0.0032,-0.0008,-0.0063,-0.0016,-0.0021,0.0006,-2.3917,1.285,-0.7584,-0.9809,0.0286,0.1922,0.1939,0.2047,0.9594,-0.0119,0.9784,-0.2063,-0.072,-0.7733,-0.6265,0.066,46.604096,8.609496,18.0375,81.3,2659.984131,98.8,13.4,158.4,Stationary,High,72.9557,337.6831,453.0425,-169.96,-203.1479,-10.0977,-62.8939,7.7808
2024-02-04 09:47:27,-0.2002,-0.9702,0.2023,-0.0051,-0.011,-0.0027,-0.0006,0.0241,0.0143,-2.3811,1.2839,-0.7634,-0.9805,0.0233,0.195,0.1956,0.2044,0.9591,-0.0176,0.9786,-0.205,-0.0708,-0.773,-0.6267,0.0688,46.604096,8.609496,18.0375,81.3,2659.984131,98.8,13.4,158.4,Stationary,High,72.9557,337.6831,452.7547,-170.0319,-203.3425,-10.279,-63.0001,7.4489
2024-02-04 09:47:28,-0.2035,-0.961,0.2008,0.0011,-0.0099,0.0042,0.0003,0.0128,0.0033,-2.3844,1.2851,-0.7635,-0.9807,0.0264,0.1936,0.1949,0.2036,0.9595,-0.0141,0.9787,-0.2048,-0.0716,-0.7728,-0.627,0.0672,46.604096,8.609496,18.0375,81.3,2659.984131,98.8,13.4,158.4,Stationary,High,72.9129,342.3335,452.9481,-170.7586,-203.599,-10.1431,-63.71,7.0982
