Timestamp,accelX(g),accelY(g),accelZ(g),accelUserX(g),accelUserY(g),accelUserZ(g),gyroX(rad/s),gyroY(rad/s),gyroZ(rad/s),Roll(rads),Pitch(rads),Yaw(rads),m11,m12,m13,m21,m22,m23,m31,m32,m33,qX,qY,qZ,qW,Lat,Long,Speed(m/s),TrueHeading,Alt(m),HorizontalAccuracy(m),VerticalAccuracy(m),Course,ActivityType,ActivityConfidence,Pressure(kilopascals),RelativeAltitude(meters),magX(µT),magY(µT),magZ(µT),calMagX(µT),calMagY(µT),calMagZ(µT)
2024-02-11 11:36:07,0.1434,-0.6232,-0.7819,0.0003,-0.0029,0.1278,0.0308,-0.0307,0.0405,0.2026,0.6832,-0.0136,0.9812,0.1137,-0.1561,0.0105,0.7755,0.6313,0.1928,-0.6211,0.7597,0.3339,0.093,0.0275,0.9376,46.65617,8.621232,0.3773,43.3,2358.928223,4.7,3.4,44.0,Automotive,High,74.4007,0.0,492.4331,-117.7457,-223.3754,0.0,0.0,0.0
2024-02-11 11:36:08,0.0931,-0.7124,0.473,-0.3768,-0.3144,1.1667,0.4393,1.5175,-0.7989,0.3745,0.5411,0.7389,0.5611,0.7661,-0.3135,-0.5773,0.6336,0.5151,0.5933,-0.108,0.7977,-0.1801,-0.2621,-0.3883,-0.8649,46.656174,8.621237,0.4185,59.6,2359.107666,4.7,3.4,44.0,Automotive,High,74.401,-0.0317,500.457,-101.1034,-216.1501,24.4484,6.6162,29.1308
2024-02-11 11:36:09,-0.2759,-0.6593,-0.09,-0.6981,0.2198,0.1314,0.1475,-0.8085,-0.2938,1.0878,1.0738,0.1671,0.3285,0.8449,-0.4222,-0.0793,0.4701,0.879,0.9412,-0.2552,0.2214,-0.399,-0.4796,-0.3251,-0.7106,46.656177,8.621241,0.4242,92.0,2358.712646,4.7,3.4,44.0,Automotive,High,74.4013,-0.0662,507.5022,-118.2597,-204.9697,31.8471,-10.3474,40.0805
2024-02-11 11:36:10,0.4717,-0.5871,-0.1566,0.1427,0.3254,0.0864,1.3234,0.8673,-0.3398,0.9345,1.1494,-0.7263,0.9317,0.1541,-0.329,0.2717,0.3058,0.9125,0.2412,-0.9395,0.2431,-0.588,-0.181,0.0373,-0.7875,46.65618,8.621245,0.354,112.7,2358.248047,4.7,3.4,44.0,Automotive,High,74.4018,-0.1111,492.2055,-124.1613,-218.2149,16.9769,-16.8235,28.7793
2024-02-11 11:36:11,0.4336,-0.8536,-0.3474,0.0373,0.0122,-0.0418,0.5504,-0.1852,-0.88,0.9139,1.0467,-1.9957,0.3729,-0.839,-0.3963,0.4559,-0.2063,0.8658,-0.8081,-0.5036,0.3056,-0.5643,0.1697,0.5336,-0.6067,46.656183,8.621249,0.458,189.5,2357.114746,4.7,3.4,44.0,Automotive,High,74.4021,-0.1428,479.4749,-135.137,-204.7143,2.9081,-47.0248,-11.5327
2024-02-11 11:36:12,0.7185,-0.6137,-0.1965,0.0223,0.0215,0.0286,-0.8489,0.5421,0.2694,1.2496,0.6892,-1.9728,0.4318,-0.5266,-0.7323,0.7102,-0.3019,0.6359,-0.556,-0.7947,0.2436,-0.6103,-0.0752,0.5277,-0.586,46.656187,8.621255,0.8934,192.5,2356.872803,4.7,3.4,44.0,Automotive,High,74.4021,-0.1428,500.645,-127.9247,-207.1898,23.8846,-39.2887,-15.521
2024-02-11 11:36:13,0.1051,-0.9353,-0.0199,-0.1408,0.0411,0.0593,0.0569,0.7233,0.0937,1.3326,1.3221,-1.8145,0.8571,-0.4563,-0.2392,0.2389,-0.0594,0.9692,-0.4564,-0.8879,0.0581,-0.6816,0.0797,0.2552,-0.6811,46.656188,8.621257,0.1535,108.9,2356.267334,4.7,3.4,44.0,Automotive,High,74.4021,-0.1428,487.3532,-130.614,-210.4293,9.7545,-42.2506,-18.115
2024-02-11 11:36:14,0.0689,-1.4494,-0.0931,0.027,-0.5032,-0.1191,-0.7073,1.9867,-0.4378,1.7878,1.4881,-1.7438,0.9957,0.0446,-0.0807,0.0814,-0.0142,0.9966,0.0433,-0.9989,-0.0178,-0.712,-0.0442,0.0131,-0.7007,46.656194,8.621265,0.6931,19.3,2355.87085,4.7,3.4,44.0,Automotive,High,74.4002,0.0527,496.2527,-133.1695,-203.1508,18.0305,-45.2922,-10.422
2024-02-11 11:36:15,0.1896,-1.0245,0.2709,0.1691,-0.0381,0.0864,0.1474,-0.6391,0.3007,2.8902,1.3769,-1.9341,0.5723,0.8186,-0.0479,0.1801,-0.0685,0.9813,0.8,-0.5702,-0.1866,-0.6759,-0.3694,-0.2782,-0.5739,46.656196,8.621268,0.584,294.8,2356.169922,4.7,3.4,44.0,Automotive,High,74.3997,0.1057,498.6994,-131.1853,-177.1025,21.2265,-43.1116,15.6894
2024-02-11 11:36:16,-0.0321,-0.897,0.2037,-0.1499,0.0508,-0.0227,0.1823,-0.9963,-0.1355,2.6448,1.2862,2.8574,0.7156,-0.6855,-0.1338,-0.0787,-0.2695,0.9598,-0.694,-0.6763,-0.2468,-0.747,0.2558,0.2771,-0.5476,46.6562,8.621274,0.4903,24.2,2356.040527,4.7,3.4,44.0,Unknown,High,74.3995,0.1243,493.4155,-134.2889,-193.9255,15.8942,-46.2546,-1.2889
2024-02-11 11:36:17,0.0881,-1.0806,0.2351,-0.0201,-0.1056,0.0414,-0.0894,2.053,0.1987,2.6321,1.347,1.691,-0.3675,-0.9237,-0.1083,-0.2204,-0.0266,0.9751,-0.9036,0.3821,-0.1938,-0.4618,0.6194,0.5478,-0.321,46.656199,8.621272,0.1386,90.0,2356.296631,7.7,3.4,44.0,Unknown,High,74.3992,0.1611,479.3955,-130.0229,-194.7721,1.9443,-42.0518,-1.7886
2024-02-11 11:36:18,0.2678,-0.9955,0.0099,0.0425,0.4578,-0.0159,-0.1095,-0.9933,-0.3468,2.7755,1.3824,1.529,-0.3904,-0.9182,-0.067,-0.1871,0.0078,0.9823,-0.9014,0.396,-0.1749,-0.4406,0.6271,0.5495,-0.3326,46.656203,8.621277,0.4829,85.5,2357.37207,4.7,3.4,44.0,Unknown,High,74.3992,0.1611,476.6141,-130.8661,-194.6276,-0.8018,-42.7957,-2.0731
2024-02-11 11:36:19,0.6928,-0.343,-0.6685,0.1848,0.2081,0.137,-2.2582,-2.1046,2.5865,0.6441,0.4809,-2.341,-0.3574,-0.7674,-0.5324,0.6363,-0.6173,0.4626,-0.6836,-0.1734,0.709,-0.3711,0.0883,0.8191,-0.4284,46.656205,8.62128,0.364,95.3,2357.336914,4.7,3.4,44.0,Walking,High,74.3994,0.1375,491.8735,-112.0909,-228.3143,13.5432,-23.1368,-36.144
2024-02-11 11:36:20,0.1129,0.1532,-0.9214,0.0791,0.1653,0.2213,-3.4583,0.6893,2.4504,0.0459,0.0098,-2.0595,-0.4686,-0.8822,-0.0459,0.8829,-0.4694,0.0098,-0.0302,-0.0359,0.9989,-0.0222,-0.0076,0.8569,-0.515,46.65616,8.621348,0.1654,69.0,2356.836914,4.7,3.4,26.8,Walking,High,74.4001,0.0608,468.5281,-86.6081,-235.0369,-8.6221,2.5327,-42.3017
2024-02-11 11:36:21,0.5822,0.4253,-0.2742,1.0566,0.4948,0.8301,0.4596,-4.4925,-0.2186,-0.4413,0.1517,-2.0434,-0.469,-0.7757,0.4222,0.8802,-0.4499,0.1511,0.0728,0.4425,0.8938,0.1476,0.177,0.8386,-0.4937,46.656158,8.621353,0.2206,66.4,2356.48877,4.7,3.4,26.8,Walking,High,74.4002,0.0527,453.9559,-89.5866,-227.4643,-25.9045,-1.604,-33.3927
2024-02-11 11:36:22,0.0805,-0.077,-0.8919,0.1733,0.1416,0.0032,1.6953,0.2596,-0.224,-0.1339,0.2307,-2.4315,-0.7714,-0.6229,0.13,0.6346,-0.7382,0.2286,-0.0465,0.2589,0.9648,0.0224,0.1308,0.932,-0.3373,46.656156,8.621356,0.1703,83.7,2356.977783,4.7,3.4,26.8,Walking,High,74.4008,-0.0105,460.1349,-94.6826,-232.2366,-17.0628,-7.9415,-39.3095
2024-02-11 11:36:23,-0.1555,-0.4058,-0.8481,-0.1544,-0.0379,0.0818,0.1335,0.1234,-0.222,-0.0012,0.3767,-2.6978,-0.9033,-0.429,0.0011,0.3993,-0.8398,0.3679,-0.1569,0.3327,0.9299,-0.0406,0.1828,0.9582,-0.2161,46.656152,8.62135,0.0982,78.1,2356.522217,4.7,3.4,26.8,Walking,High,74.4009,-0.0159,465.8966,-100.7445,-233.3138,-11.3673,-12.8452,-40.8668
2024-02-11 11:36:24,0.2577,-0.0057,-0.9385,-0.0107,0.0915,-0.05,-1.9421,-0.7693,0.8097,0.2214,-0.0262,-2.9737,-0.9628,-0.1573,-0.2195,0.167,-0.9856,-0.0262,-0.2122,-0.0619,0.9753,-0.109,-0.0222,0.9904,-0.0819,46.656154,8.621351,0.2529,88.8,2357.049805,4.7,3.4,40.9,Walking,High,74.401,-0.0291,475.1716,-87.6505,-236.4975,-2.5314,2.0602,-43.5985
2024-02-11 11:36:25,0.0611,0.0178,-0.9126,-0.0385,0.0754,0.0808,0.4858,0.3852,0.7944,0.1,0.0576,-2.4287,-0.7489,-0.6551,-0.0996,0.653,-0.7552,0.0576,-0.113,-0.0219,0.9934,-0.0568,0.0095,0.9351,-0.3497,46.656152,8.621353,0.3087,55.7,2356.632324,4.7,3.4,40.9,Walking,High,74.4016,-0.0979,473.4851,-81.1896,-235.246,-4.2317,6.0087,-42.5186
2024-02-11 11:36:26,0.2283,-0.3289,-0.9545,-0.0078,-0.0027,-0.0098,-0.1089,0.2148,-0.0951,0.2425,0.3315,-2.6268,-0.8064,-0.546,-0.2271,0.4656,-0.823,0.3255,-0.3646,0.1568,0.9179,-0.1571,0.128,0.9417,-0.2685,46.656157,8.621355,0.5805,62.7,2356.930176,4.7,3.4,39.5,Walking,High,74.4017,-0.1111,477.7796,-96.5312,-235.0134,0.2028,-8.274,-42.6384
2024-02-11 11:36:27,0.205,-0.0038,-0.9482,-0.1233,0.0066,-0.0037,-1.7668,0.545,-0.8018,0.3346,0.0104,-2.659,-0.8351,-0.4414,-0.3284,0.4641,-0.8857,0.0104,-0.2955,-0.1437,0.9445,-0.1629,-0.0348,0.9572,-0.2365,46.656159,8.621348,0.3146,66.0,2357.834961,4.7,3.4,340.2,Walking,High,74.4017,-0.1057,480.77,-83.8103,-234.4754,3.2053,3.9673,-41.8985
2024-02-11 11:36:28,0.139,-0.185,-0.984,-0.0068,0.047,-0.0341,-0.1728,-0.1342,0.0704,0.1534,0.1966,-2.1913,-0.5503,-0.8214,-0.1498,0.7979,-0.5702,0.1953,-0.2459,-0.012,0.9692,-0.1126,0.0521,0.8789,-0.4606,46.656153,8.621352,0.0345,38.9,2357.064941,4.7,3.4,313.7,Walking,High,74.4018,-0.1162,477.5599,-87.0977,-236.5365,0.1025,0.9774,-43.8258
2024-02-11 11:36:29,0.3046,-0.2403,-0.9245,-0.07,0.0045,-0.0338,-1.0995,0.4674,-0.4994,0.4442,0.2281,-2.4155,-0.6107,-0.6722,-0.4186,0.6467,-0.7284,0.2262,-0.457,-0.1326,0.8795,-0.244,0.0261,0.897,-0.3676,46.656154,8.621356,0.0881,48.6,2357.453369,4.7,3.4,313.7,Walking,High,74.4021,-0.1479,486.6715,-90.6955,-232.8347,9.0718,-2.8441,-40.2925
2024-02-11 11:36:30,0.3456,-0.0724,-1.0669,-0.0637,0.1363,-0.1786,2.1425,0.1224,0.8592,0.4317,0.2102,-2.4819,-0.6642,-0.6256,-0.4092,0.5994,-0.7728,0.2086,-0.4468,-0.1067,0.8883,-0.2347,0.0279,0.9118,-0.3359,46.656155,8.621347,0.2808,54.5,2357.024658,4.7,3.4,308.2,Walking,High,74.4022,-0.1611,485.5258,-89.6737,-232.8748,7.8928,-2.2482,-40.4191
2024-02-11 11:36:31,0.6436,-0.7015,0.0545,-0.232,-0.0528,0.0702,0.0775,-0.7204,-2.6821,1.6805,0.946,0.5437,-0.5108,0.6333,-0.5814,-0.3026,0.5006,0.8111,0.8047,0.5902,-0.0641,0.1148,0.7203,0.4863,0.4811,46.656155,8.621344,0.2235,180.3,2356.973877,4.7,3.4,308.2,Walking,High,74.4024,-0.1824,412.7864,-140.7666,-111.3813,-67.6628,-51.4117,82.7425
2024-02-11 11:36:32,0.2736,-0.9546,-0.0045,-0.0487,-0.0081,0.0131,-0.2138,0.1341,0.0623,1.5163,1.2421,0.7346,-0.5931,0.7378,-0.3223,-0.2164,0.2396,0.9465,0.7755,0.6311,0.0176,0.1935,0.6736,0.5855,0.4074,46.656155,8.621358,0.0909,163.7,2356.876221,4.7,3.4,352.6,Walking,High,74.4024,-0.1824,439.4751,-166.4907,-137.8454,-37.9482,-78.3742,55.0319
2024-02-11 11:36:33,0.7895,-0.6011,-0.2522,0.1862,0.1952,-0.1375,-0.1994,0.6993,-0.544,1.3619,0.9389,0.9592,-0.5272,0.623,-0.5779,-0.4836,0.3392,0.8069,0.6987,0.7048,0.1225,0.0528,0.6603,0.5724,0.4833,46.656153,8.621369,0.069,173.2,2357.022217,4.7,3.4,352.6,Walking,High,74.4019,-0.1216,450.944,-164.4471,-141.3473,-26.52,-76.1872,51.069
2024-02-11 11:36:34,0.4459,-0.644,0.1527,-0.0069,0.2284,0.0985,0.2521,-0.2122,-0.1764,1.6705,1.0984,1.0289,-0.8105,0.3716,-0.4528,-0.3898,0.2347,0.8905,0.4372,0.8982,-0.0453,-0.0063,0.7229,0.6186,0.3078,46.656156,8.621371,0.0968,145.7,2356.626465,4.7,3.4,352.6,Walking,High,74.4012,-0.0476,437.744,-163.7722,-135.9986,-39.5411,-75.6521,56.6788
2024-02-11 11:36:35,0.3943,-0.9601,0.2441,-0.1216,-0.1133,0.1145,0.0461,-0.2164,0.208,1.8168,1.01,0.8073,-0.7617,0.392,-0.5159,-0.3842,0.3678,0.8468,0.5217,0.8433,-0.1295,0.0026,0.7515,0.5622,0.3451,46.656171,8.621347,1.2093,157.1,2357.078857,4.7,3.4,329.2,Walking,High,74.3993,0.1453,436.107,-158.9226,-129.7477,-41.5516,-70.6401,62.6267
2024-02-11 11:36:36,0.5549,-0.6314,-0.0138,0.1195,0.267,-0.0696,-0.0295,-0.017,-0.0228,1.6854,1.1198,0.9099,-0.776,0.4586,-0.433,-0.3441,0.2675,0.9,0.5286,0.8474,-0.0498,0.0396,0.7234,0.6039,0.3323,46.656171,8.621359,0.7061,151.8,2358.311279,4.7,3.4,339.2,Walking,High,74.3985,0.2351,430.063,-158.4748,-127.5479,-47.9481,-70.2148,64.0746
2024-02-11 11:36:37,0.5378,-1.295,-0.1054,0.1832,-0.3058,-0.0368,-0.0506,0.0182,0.2041,1.493,1.138,0.9509,-0.6915,0.589,-0.4182,-0.3414,0.2437,0.9078,0.6366,0.7705,0.0326,0.0898,0.6897,0.6084,0.3824,46.656188,8.621355,0.9329,159.0,2360.374023,4.7,3.4,346.5,Walking,High,74.3984,0.2456,426.2462,-160.4999,-126.2811,-51.5642,-72.0144,66.0575
2024-02-11 11:36:38,0.3535,-0.7738,0.0915,-0.1021,0.1386,0.0819,-0.4082,0.2801,0.0404,1.6072,1.1236,0.6874,-0.5999,0.6733,-0.4322,-0.2744,0.3342,0.9017,0.7515,0.6595,-0.0158,0.1428,0.6982,0.559,0.4238,46.656196,8.621386,1.21,169.2,2361.923096,4.7,3.4,35.8,Walking,High,74.3982,0.2668,432.9598,-162.4631,-120.4759,-44.4844,-74.6719,71.6895
2024-02-11 11:36:39,0.3958,-0.9152,-0.0864,0.0243,0.0149,0.0307,0.002,0.1205,0.353,1.2544,1.1796,1.3362,-0.7822,0.5068,-0.3624,-0.3709,0.0886,0.9244,0.5006,0.8575,0.1186,0.0513,0.6619,0.6731,0.326,46.656203,8.621399,1.2777,146.4,2362.135254,4.7,3.4,44.5,Walking,High,74.3982,0.2668,426.8576,-166.3857,-133.5682,-50.6131,-78.4619,59.6548
2024-02-11 11:36:40,0.2106,-0.9107,-0.1568,-0.0996,0.0126,-0.0217,0.322,-0.5396,-0.2873,1.1315,1.2409,2.1192,-0.9524,-0.0834,-0.2932,-0.2765,-0.1689,0.9461,-0.1285,0.9821,0.1378,-0.1403,0.6414,0.7515,0.0642,46.656208,8.621405,0.9356,102.1,2362.614746,4.7,3.4,47.4,Walking,High,74.3981,0.2747,421.9083,-165.5968,-146.6291,-55.5229,-77.5609,45.1049
2024-02-11 11:36:41,0.1551,-0.9385,-0.2013,-0.0511,0.0134,0.0256,-0.0354,-0.4195,-0.1589,0.7376,1.2592,1.9693,-0.8771,0.4337,-0.2062,-0.2826,-0.119,0.9518,0.3883,0.8932,0.2269,0.0611,0.6187,0.7455,0.2402,46.656208,8.621417,0.4934,128.3,2363.22583,4.7,3.4,71.9,Walking,High,74.3981,0.2747,419.9507,-166.7855,-136.4326,-58.1796,-78.2249,53.8878
2024-02-11 11:36:42,0.1802,-0.9238,-0.4089,-0.0378,0.0433,-0.1269,0.2448,-0.2843,-0.112,0.629,1.223,1.7927,-0.7175,0.6671,-0.2005,-0.3325,-0.075,0.9401,0.6121,0.7412,0.2756,0.1431,0.5846,0.719,0.3475,46.656207,8.62141,0.0824,144.2,2363.2229,4.7,3.4,76.8,Walking,High,74.3982,0.2642,422.3461,-167.078,-135.2547,-55.2034,-79.0107,57.1988
2024-02-11 11:36:43,0.3798,-0.9281,-0.0845,0.0986,0.0409,0.161,-0.6309,0.2091,-0.2048,0.7648,1.2628,1.5736,-0.6619,0.7196,-0.2099,-0.3031,-0.0009,0.953,0.6856,0.6944,0.2187,0.1734,0.6005,0.6858,0.3728,46.656209,8.621408,0.0842,151.3,2362.782959,4.7,3.4,76.8,Walking,High,74.3989,0.1956,424.449,-169.4826,-131.803,-53.0726,-81.3025,60.8604
2024-02-11 11:36:44,0.1344,-0.8835,-0.4032,-0.0536,0.0776,-0.2085,0.4422,-0.4237,-0.0973,0.7835,1.3041,1.7285,-0.7836,0.5927,-0.186,-0.2603,-0.0414,0.9647,0.5641,0.8043,0.1867,0.1333,0.6236,0.7092,0.3007,46.656215,8.621406,0.0968,139.3,2363.250488,4.7,3.4,76.8,Walking,High,74.3998,0.0925,420.5962,-167.6564,-134.143,-56.9043,-79.5509,58.4261
2024-02-11 11:36:45,0.1787,-1.0316,0.1615,0.0412,-0.0469,0.081,-0.2081,0.4304,0.0321,2.3204,1.4368,0.5942,-0.9707,0.2195,-0.0978,-0.0748,0.1107,0.991,0.2284,0.9693,-0.091,0.0491,0.737,0.665,0.1106,46.656216,8.62141,0.3184,113.6,2363.067871,4.7,3.4,76.8,Walking,High,74.4004,0.0344,415.0779,-168.1991,-132.7802,-62.2622,-80.3355,59.9854
2024-02-11 11:36:46,0.3714,-0.8901,0.1444,0.0212,0.0311,-0.0001,0.125,-0.5218,-0.0636,1.9458,1.1813,0.7826,-0.8667,0.3521,-0.3533,-0.2677,0.2693,0.9251,0.4209,0.8964,-0.1391,0.028,0.7542,0.6038,0.2566,46.656222,8.621409,0.2406,139.2,2363.231445,4.7,3.4,76.8,Walking,High,74.4006,0.0078,429.7993,-172.2902,-122.5863,-49.4168,-82.7344,62.8345
2024-02-11 11:36:47,0.316,-0.9427,0.0072,-0.0155,0.0008,0.0036,-0.0571,0.0537,-0.0975,1.5818,1.2329,1.1601,-0.8693,0.3666,-0.3315,-0.304,0.1324,0.9434,0.3897,0.9209,-0.0037,0.0221,0.7081,0.6583,0.2547,46.656226,8.621401,0.235,136.2,2362.433594,4.7,3.4,76.8,Unknown,High,74.4008,-0.0054,428.6032,-173.3327,-130.4726,-48.8411,-85.2873,62.1148
2024-02-11 11:36:48,0.3449,-0.9153,0.2594,0.0836,0.0175,0.0899,0.0659,0.4156,0.0403,2.1439,1.2682,0.6444,-0.9153,0.3155,-0.2504,-0.179,0.2383,0.9546,0.3608,0.9185,-0.1616,0.0448,0.7608,0.6155,0.2008,46.656225,8.621399,0.19,130.9,2362.808838,4.7,3.4,76.8,Unknown,High,74.4009,-0.0186,423.8699,-171.0065,-124.8361,-53.9102,-82.9116,67.6938
2024-02-11 11:36:49,-0.0421,-0.9845,0.0528,-0.0106,0.0232,0.011,-0.2199,0.1884,0.2418,-2.3764,1.5137,-1.0535,-0.9578,0.2849,0.0395,0.0496,0.0282,0.9984,0.2833,0.9582,-0.0411,0.1174,0.7119,0.6871,0.0856,46.656225,8.6214,0.0,108.3,2362.845947,4.7,3.4,76.8,Cycling,High,74.4011,-0.0396,411.915,-167.5491,-131.0943,-65.855,-79.2921,61.351
2024-02-11 11:36:50,0.0653,-0.9707,0.1424,0.0117,0.0195,0.0798,0.147,-0.3121,-0.1064,2.4906,1.499,0.1387,-0.8714,0.4886,-0.0435,-0.0099,0.071,0.9974,0.4904,0.8696,-0.057,0.1693,0.707,0.6602,0.1888,46.656224,8.621399,0.0109,125.3,2362.960938,4.7,3.4,76.8,Cycling,High,74.4019,-0.1243,416.4162,-168.366,-125.8613,-61.0608,-80.5776,66.8471
2024-02-11 11:36:51,0.119,-1.0287,-0.1033,-0.0768,-0.0414,0.0139,-0.2535,-0.3987,-0.4451,1.1834,1.3607,1.2091,-0.7132,0.6738,-0.1931,-0.195,0.0738,0.978,0.6732,0.7352,0.0788,0.1832,0.6535,0.6554,0.3314,46.656224,8.621402,0.1301,145.9,2363.19043,4.7,3.4,76.8,Cycling,High,74.4025,-0.1929,424.5729,-171.6075,-125.472,-52.6757,-83.6441,66.9311
2024-02-11 11:36:52,0.0052,-0.9463,-0.3157,-0.0174,-0.0042,-0.0586,0.1442,-0.3198,0.2359,0.0813,1.3022,1.9839,-0.4718,0.8814,-0.0215,-0.2431,-0.1066,0.9641,0.8475,0.4602,0.2646,0.3042,0.5246,0.6788,0.4142,46.656224,8.621396,0.0954,155.7,2363.349121,4.7,3.4,76.8,Cycling,High,74.4031,-0.2537,423.9983,-173.4621,-129.4252,-53.2269,-85.6267,64.6617
2024-02-11 11:36:53,0.0449,-1.0876,-0.177,-0.0298,-0.1208,-0.0063,0.1862,-0.0026,-0.5723,0.3705,1.4096,1.7931,-0.5541,0.8304,-0.0581,-0.1565,-0.0354,0.987,0.8176,0.556,0.1496,0.288,0.585,0.6594,0.3742,46.656222,8.621398,0.1903,152.2,2363.622559,4.7,3.4,76.8,Cycling,High,74.4033,-0.2776,420.7594,-170.2229,-127.7883,-56.8057,-82.0509,63.8667
2024-02-11 11:36:54,0.7325,-0.6089,0.34,0.074,0.1409,0.2936,-0.653,0.2757,0.1661,1.6313,0.8072,0.5719,-0.4411,0.5736,-0.6903,-0.3743,0.5815,0.7223,0.8157,0.577,-0.0418,0.0694,0.7184,0.4522,0.5241,46.656222,8.621405,0.2199,192.9,2363.912109,4.7,3.4,76.8,Cycling,High,74.4033,-0.2776,442.7174,-161.777,-112.8017,-34.8174,-73.818,79.7222
2024-02-11 11:36:55,0.5932,-1.0737,0.2767,0.0583,-0.2301,0.3225,0.8648,-0.6213,0.5278,1.4855,1.004,0.6158,-0.416,0.7354,-0.535,-0.3101,0.4383,0.8436,0.8549,0.5168,0.0457,0.1581,0.6724,0.5058,0.5167,46.65622,8.6214,0.1583,183.7,2364.393799,4.7,3.4,76.8,Cycling,High,74.4014,-0.074,437.282,-165.0926,-113.1926,-40.2578,-77.0406,79.6211
2024-02-11 11:36:56,0.3789,-0.7524,-0.2869,-0.0403,0.1514,-0.2002,0.089,0.0537,-0.2671,1.3667,1.1285,0.6131,-0.3435,0.8404,-0.4191,-0.2463,0.3501,0.9038,0.9063,0.4137,0.0867,0.2344,0.6338,0.5197,0.5228,46.656218,8.621413,0.8358,183.9,2364.218506,4.7,3.4,101.1,Cycling,High,74.4003,0.0422,435.3745,-166.5488,-111.7674,-41.9333,-78.5201,80.7383
2024-02-11 11:36:57,0.6247,-0.9669,-0.6065,0.2048,0.0541,-0.4891,-0.7402,-0.9287,-0.5925,1.2903,1.179,0.6777,-0.3412,0.8654,-0.3669,-0.2394,0.2975,0.9242,0.909,0.4032,0.1057,0.2528,0.6191,0.5361,0.5153,46.656222,8.621419,0.6382,180.5,2364.436035,4.7,3.4,72.0,Cycling,High,74.399,0.1797,429.5786,-163.5027,-113.3372,-46.3884,-76.9739,76.7757
2024-02-11 11:36:58,0.4431,-0.7009,0.3424,-0.0238,0.0563,0.256,-1.1119,-0.2763,-0.2011,1.6534,1.1525,0.3985,-0.4294,0.8073,-0.4049,-0.1576,0.3744,0.9138,0.8893,0.4562,-0.0335,0.2396,0.6777,0.5053,0.4774,46.656224,8.621424,0.4982,180.5,2364.943604,4.7,3.4,65.3,Cycling,High,74.3981,0.2773,445.0897,-169.1716,-120.2953,-31.8086,-82.071,71.5238
2024-02-11 11:36:59,1.0161,-0.7516,0.029,0.2686,-0.0969,0.1417,0.5739,0.0347,-0.4495,1.4211,0.7137,1.0367,-0.4813,0.4579,-0.7475,-0.6506,0.3848,0.6546,0.5874,0.8014,0.1127,-0.0728,0.6621,0.5498,0.5041,46.656226,8.621436,0.8065,177.8,2365.832764,4.7,3.4,69.5,Cycling,High,74.3964,0.4651,458.8321,-171.9229,-136.0756,-19.0566,-82.8809,56.0433
2024-02-11 11:37:00,0.5132,-0.6348,-0.4964,-0.114,0.0998,-0.2379,-0.4597,0.6332,0.885,1.1798,0.8252,1.1165,-0.4431,0.6405,-0.6272,-0.6096,0.2977,0.7347,0.6573,0.7079,0.2585,0.0127,0.6087,0.5924,0.5275,46.656227,8.621454,1.1819,178.8,2366.345947,4.7,3.4,77.9,Cycling,High,74.3941,0.7056,459.1493,-174.1796,-140.3371,-19.6136,-86.2654,52.1292
2024-02-11 11:37:01,0.3983,-0.8739,0.2545,-0.1794,-0.0625,0.284,0.9722,-1.1574,-0.373,1.5591,0.9688,1.0576,-0.7122,0.4148,-0.5663,-0.4934,0.278,0.8242,0.4993,0.8664,0.0066,-0.0279,0.7042,0.6002,0.3783,46.656231,8.621451,0.6041,156.6,2365.609619,4.7,3.4,55.9,Cycling,High,74.3922,0.9143,450.2858,-177.3406,-135.7454,-26.5206,-90.2686,60.3876
2024-02-11 11:37:02,0.4917,-0.4884,-0.4924,-0.1817,0.1662,-0.12,-0.4017,0.5178,0.7485,1.047,0.7269,1.4227,-0.4954,0.5796,-0.6471,-0.7391,0.1102,0.6645,0.4565,0.8074,0.3738,-0.0718,0.5549,0.6631,0.4971,46.656228,8.621459,0.5715,168.5,2365.056152,4.8,3.3,60.2,Cycling,High,74.3912,1.0173,459.1565,-176.1048,-149.489,-17.6748,-87.7849,44.3896
2024-02-11 11:37:03,0.3329,-0.7809,0.1695,-0.0854,0.1271,0.1956,0.1729,-0.9621,0.0461,1.5086,1.1383,1.034,-0.7469,0.5168,-0.4183,-0.3602,0.2143,0.9079,0.5589,0.8288,0.0261,0.0563,0.6956,0.6242,0.3512,46.656237,8.621458,0.7304,151.5,2365.247559,4.7,3.4,25.1,Cycling,High,74.391,1.041,439.874,-176.2908,-130.3135,-37.7351,-88.1055,62.3031
2024-02-11 11:37:04,0.7769,-1.0286,-0.7451,0.3931,-0.1449,-0.4772,0.9966,0.4408,-0.032,0.9614,1.0837,2.1943,-0.9225,0.0416,-0.3838,-0.38,-0.2733,0.8837,-0.0682,0.961,0.2679,-0.144,0.5876,0.7848,0.1343,46.656254,8.621486,1.7198,113.6,2365.080078,4.7,3.4,43.4,Cycling,High,74.3928,0.8508,434.1339,-175.6706,-155.7157,-43.7107,-87.4823,37.3603
2024-02-11 11:37:05,0.6968,-0.4828,-0.8175,0.0198,0.1778,-0.493,-0.5067,-0.2195,0.7222,1.1237,0.7216,1.2117,-0.4058,0.6141,-0.6769,-0.7029,0.2638,0.6606,0.5842,0.7439,0.3246,-0.0383,0.5799,0.6055,0.5437,46.656264,8.621487,1.4078,179.1,2365.030518,4.7,3.4,34.5,Unknown,High,74.3928,0.8428,460.2495,-175.2425,-143.2428,-17.9269,-87.0932,49.5472
2024-02-11 11:37:06,-0.2027,-0.1644,-1.2292,-0.2515,0.0314,-0.164,-1.5734,0.8276,-1.0779,-0.0197,0.2101,-1.7048,-0.1376,-0.9903,0.0193,0.9692,-0.1306,0.2086,-0.204,0.0474,0.9778,-0.0616,0.0854,0.7493,-0.6538,46.656275,8.621503,1.4846,10.7,2365.282471,4.7,3.4,33.9,Unknown,High,74.3942,0.7002,473.9766,-83.0648,-243.0575,-5.1085,6.9559,-54.8659
2024-02-11 11:37:07,0.4027,-0.1213,-0.9778,0.379,0.1479,-0.0765,0.772,-0.163,0.9705,0.0124,0.2132,-1.9555,-0.3728,-0.9278,-0.0122,0.9059,-0.3668,0.2116,-0.2008,0.0679,0.9773,-0.0646,0.0848,0.8241,-0.5563,46.656284,8.621513,1.3598,26.4,2362.398193,4.7,3.4,38.2,Walking,High,74.3954,0.5681,469.825,-81.4828,-239.4958,-7.9423,6.7673,-46.7502
2024-02-11 11:37:08,0.4938,0.3648,0.5217,0.2785,1.1819,0.7517,1.5143,-1.5359,-0.3477,0.6938,1.1754,-1.922,0.2896,-0.9249,-0.2463,0.3616,-0.1325,0.9229,-0.8862,-0.3563,0.2961,-0.5306,0.2654,0.5336,-0.6027,46.656295,8.621512,1.1419,355.1,2361.909912,4.7,3.4,19.8,Walking,High,74.3961,0.4968,525.8159,-133.8578,-207.9371,49.0678,-47.3891,-14.8764
2024-02-11 11:37:09,0.8737,-0.7383,-0.0317,0.3345,0.0847,0.1468,-0.3691,0.98,-0.932,1.2511,0.9667,-2.5317,0.1899,-0.8204,-0.5393,0.3254,-0.4656,0.823,-0.9263,-0.3318,0.1785,-0.6077,0.2037,0.603,-0.4751,46.656315,8.621523,1.5195,16.5,2362.734375,4.7,3.4,22.9,Walking,High,74.3982,0.2642,506.7912,-120.9945,-219.7511,30.4491,-32.3009,-26.6315
2024-02-11 11:37:10,0.0203,0.2546,-0.1003,0.0407,1.1662,-0.001,-0.1237,-1.7526,-0.6016,0.1301,1.2724,-2.0032,-0.303,-0.9522,-0.0381,0.2669,-0.1232,0.9558,-0.9149,0.2794,0.2915,-0.3636,0.4713,0.6553,-0.4651,46.65632,8.621525,0.9341,21.3,2361.800293,4.7,3.4,23.3,Walking,High,74.3983,0.259,475.5995,-128.6896,-223.675,-2.5176,-40.7074,-30.6671
2024-02-11 11:37:11,0.1567,-1.558,0.0045,0.0958,-0.6259,0.284,0.2165,-1.4371,1.1679,0.5392,1.25,-1.7656,0.3119,-0.9362,-0.1619,0.3093,-0.061,0.949,-0.8984,-0.3461,0.2706,-0.525,0.2985,0.5049,-0.6167,46.656328,8.621528,0.8643,352.2,2362.044922,4.7,3.4,16.2,Walking,High,74.3983,0.259,495.0468,-121.6114,-223.6794,16.0186,-33.9201,-31.1709
2024-02-11 11:37:12,0.9284,-0.6768,-0.2996,0.5294,0.0711,0.0417,0.1157,-0.4244,-1.2819,0.7855,1.0868,-2.5867,-0.2712,-0.9045,-0.3291,0.2452,-0.3955,0.8851,-0.9308,0.1594,0.329,-0.4459,0.3697,0.7063,-0.4069,46.656319,8.621541,0.4632,32.1,2362.781006,4.7,3.4,79.6,Walking,High,74.3964,0.457,484.4996,-125.2944,-225.0097,7.7969,-36.9485,-32.4712
2024-02-11 11:37:13,0.3895,-0.8257,0.0972,0.2266,0.1466,0.265,-0.403,-0.259,0.5626,0.7707,1.3347,-2.3565,-0.0287,-0.9862,-0.163,0.1654,-0.1655,0.9723,-0.9858,0.001,0.1678,-0.4922,0.417,0.5835,-0.4934,46.656333,8.621553,0.9029,14.1,2361.762207,4.7,3.4,48.5,Walking,High,74.3956,0.5417,485.7259,-129.4239,-220.2861,7.7401,-41.3511,-27.4351
2024-02-11 11:37:14,-0.1792,-0.9951,-0.2269,-0.2307,0.0026,-0.044,0.5659,0.4304,-0.6185,0.355,1.3634,-2.0034,-0.0843,-0.9939,-0.0716,0.1869,-0.0863,0.9786,-0.9787,0.0692,0.1931,-0.4497,0.4486,0.5839,-0.5056,46.656342,8.621564,1.0364,11.4,2361.929688,4.7,3.4,51.1,Walking,High,74.3935,0.7715,478.4865,-127.5217,-220.5641,2.1271,-39.8187,-27.3039
2024-02-11 11:37:15,-0.0136,-1.0295,-0.7693,-0.0779,-0.0591,-0.3237,-0.6402,-0.8364,0.6083,0.413,1.2803,-1.7508,0.2144,-0.97,-0.115,0.2818,-0.0513,0.9581,-0.9352,-0.2378,0.2624,-0.5008,0.3435,0.5242,-0.597,46.656359,8.621593,1.7763,356.8,2363.187012,4.7,3.4,49.8,Walking,High,74.3927,0.8613,487.7498,-124.5163,-223.7672,10.8186,-36.4623,-30.4442
2024-02-11 11:37:16,-0.1987,-0.9408,-0.1294,-0.2185,0.1165,-0.1584,0.7809,-0.1417,-0.3163,2.5449,1.5543,2.3204,0.1524,-0.9883,-0.0093,-0.0121,-0.0112,0.9999,-0.9883,-0.1522,-0.0136,-0.5425,0.461,0.4597,-0.5309,46.656368,8.621612,1.7299,354.8,2362.995605,4.7,3.4,52.7,Walking,High,74.3927,0.8613,481.7586,-132.3078,-212.3578,4.0962,-43.9,-19.9529
2024-02-11 11:37:17,0.3071,-0.8949,0.1246,0.1585,0.0981,0.1656,-0.3915,-0.2208,0.3832,1.3722,1.4121,-2.6754,0.2589,-0.9534,-0.155,0.0711,-0.1412,0.9874,-0.9633,-0.2666,0.0312,-0.585,0.3771,0.4779,-0.5359,46.656378,8.621625,1.4452,357.1,2362.441895,4.7,3.4,44.2,Walking,High,74.3927,0.8613,490.1315,-130.5635,-214.7234,12.6718,-42.5093,-21.9792
2024-02-11 11:37:18,-0.2883,-0.944,-0.3044,-0.1873,0.0678,-0.0294,-0.0936,0.3297,-0.1026,-0.1751,1.2854,-1.2754,0.1268,-0.9907,0.049,0.2693,0.082,0.9596,-0.9547,-0.1084,0.2772,-0.4381,0.4117,0.5168,-0.6095,46.656394,8.62163,1.4166,354.1,2363.076172,4.7,3.4,33.0,Walking,High,74.3927,0.8535,477.7113,-124.3909,-223.9785,0.1948,-36.2772,-31.2563
2024-02-11 11:37:19,0.3631,-0.8858,-0.0544,0.0979,0.0521,0.1557,-0.3744,0.3479,0.3356,0.9376,1.1933,-2.2757,0.1874,-0.9363,-0.2971,0.2807,-0.2388,0.9296,-0.9413,-0.2576,0.2181,-0.5496,0.2982,0.5634,-0.5401,46.656409,8.62164,1.4469,7.4,2363.721436,4.7,3.4,29.6,Walking,High,74.3938,0.7451,495.4025,-123.6341,-222.1494,17.8974,-35.556,-29.4496
2024-02-11 11:37:20,-0.2912,-0.9379,-0.4575,-0.2586,-0.0033,-0.1161,0.5131,-0.7404,-0.5775,0.0195,1.1991,-1.5177,0.0712,-0.9974,-0.0071,0.3627,0.0193,0.9317,-0.9292,-0.0689,0.3631,-0.415,0.3824,0.5641,-0.6028,46.656426,8.621643,1.3562,358.7,2363.651855,4.7,3.4,22.6,Walking,High,74.3954,0.5681,480.7892,-119.1657,-225.5022,3.1866,-30.9547,-32.5255
2024-02-11 11:37:21,0.2605,-0.8334,0.0801,0.0472,0.1155,0.2634,-0.3286,-0.0928,0.7049,0.7668,1.2899,-1.8872,0.4095,-0.8918,-0.1924,0.2635,-0.0863,0.9608,-0.8734,-0.4441,0.1996,-0.5692,0.2759,0.4681,-0.617,46.656441,8.621651,1.471,349.4,2364.036377,4.7,3.4,25.1,Walking,High,74.3955,0.5574,495.3184,-123.0238,-219.3135,17.731,-34.8219,-26.5658
2024-02-11 11:37:22,-0.1642,-0.849,-0.0527,-0.2254,0.1326,0.1281,0.182,-2.135,-0.48,0.3262,1.3787,-1.8492,0.0422,-0.9972,-0.0612,0.1836,-0.0525,0.9816,-0.9821,-0.0526,0.1809,-0.4779,0.4256,0.5457,-0.541,46.656448,8.621668,1.3173,0.6,2364.217773,4.7,3.4,44.1,Walking,High,74.3965,0.4543,481.3516,-126.5041,-218.5766,3.0385,-38.6881,-26.1414
2024-02-11 11:37:23,0.3429,-0.9486,-0.0353,0.1083,0.0429,0.0145,0.1839,-0.0582,0.4263,1.3716,1.3422,3.1346,-0.2046,-0.9533,-0.2221,-0.0016,-0.2266,0.974,-0.9788,0.1996,0.0448,-0.4943,0.483,0.6075,-0.3917,46.656463,8.621686,1.55,28.3,2364.311768,4.7,3.4,46.8,Walking,High,74.3965,0.4543,479.3683,-134.7583,-212.0625,1.6729,-46.5662,-19.2688
2024-02-11 11:37:24,0.1185,-1.0065,-0.0072,0.0457,-0.0133,0.0308,-0.0394,0.1165,0.1166,1.21,1.4956,3.0315,-0.4534,-0.8886,-0.0703,-0.0082,-0.0746,0.9972,-0.8913,0.4527,0.0265,-0.3856,0.5814,0.6234,-0.353,46.656474,8.621704,1.5943,33.8,2365.355469,4.7,3.4,49.7,Walking,High,74.3935,0.7688,470.9393,-134.5122,-209.1235,-6.6462,-46.2181,-16.7632
2024-02-11 11:37:25,0.0089,-1.0179,0.0874,-0.0488,-0.0223,-0.0055,-0.1162,-0.216,-0.2509,2.8284,1.464,1.6022,-0.2764,-0.9605,-0.0328,-0.1066,-0.0033,0.9943,-0.9551,0.2783,-0.1014,-0.4551,0.5862,0.5428,-0.3933,46.656487,8.621713,1.3105,20.7,2364.174561,4.7,3.4,47.9,Unknown,High,74.3933,0.7874,476.1867,-130.9561,-206.8604,-1.28,-42.8584,-14.311
2024-02-11 11:37:26,-0.0422,-0.9732,0.05,-0.0307,0.0454,-0.0056,0.0519,-0.0466,0.4696,3.1397,1.4869,1.1805,-0.3822,-0.9241,-0.0002,-0.0775,0.0319,0.9965,-0.9208,0.3809,-0.0838,-0.4092,0.6119,0.5627,-0.3761,46.656496,8.621725,1.0829,26.2,2363.848877,4.7,3.4,60.1,Unknown,High,74.3931,0.8164,472.1747,-131.0167,-207.1829,-5.7562,-42.8021,-14.7681
2024-02-11 11:37:27,0.2701,-0.9052,-0.2408,0.0282,0.0291,-0.0182,-0.4337,-0.3021,-0.4053,0.7969,1.2286,-2.882,-0.5026,-0.8305,-0.24,0.0861,-0.3243,0.942,-0.8602,0.4528,0.2345,-0.3831,0.4857,0.7179,-0.3192,46.656503,8.621734,0.8523,44.1,2364.184814,4.7,3.4,57.4,Unknown,High,74.3931,0.8164,477.7581,-129.315,-218.1241,0.5727,-41.0763,-26.221
2024-02-11 11:37:28,0.6967,-1.0152,-0.7899,0.0617,-0.4246,-0.1011,0.7483,0.3131,0.6658,0.7011,0.5377,-2.6893,-0.5429,-0.6311,-0.5541,0.3754,-0.7725,0.5121,-0.7512,0.0701,0.6563,-0.3786,0.1689,0.8619,-0.2919,46.656504,8.621735,0.5334,57.2,2364.118652,4.7,3.4,54.1,Cycling,High,74.3958,0.5259,492.6187,-107.1328,-234.6455,15.2363,-18.464,-42.5032
2024-02-11 11:37:29,0.5269,-0.6351,-0.8487,0.0388,-0.1303,-0.1717,-1.0387,-0.0678,-0.1545,0.6667,0.5101,-2.656,-0.5541,-0.6338,-0.5397,0.4073,-0.7718,0.4882,-0.726,0.0507,0.6858,-0.3647,0.1553,0.8677,-0.2999,46.656509,8.621746,0.7715,55.6,2363.917725,4.7,3.4,54.2,Cycling,High,74.3981,0.2827,492.8641,-104.7689,-236.5091,15.5135,-17.6674,-43.7736
2024-02-11 11:37:30,0.1561,-0.6279,-0.1334,-0.152,0.2374,0.096,-1.9263,0.1026,-0.8742,1.0097,1.1635,3.0937,-0.5687,-0.751,-0.3354,-0.019,-0.3957,0.9182,-0.8223,0.5285,0.2108,-0.3925,0.4905,0.7374,-0.2482,46.656519,8.621769,1.4581,55.5,2366.134521,4.7,3.4,59.8,Cycling,High,74.3982,0.2747,484.0715,-130.4713,-218.1262,5.6293,-43.3689,-23.8794
2024-02-11 11:37:31,0.1369,-0.6943,-0.0135,-0.1508,0.2809,0.2058,1.2917,-0.6166,-0.0963,0.8373,1.1899,-2.9087,-0.4923,-0.8255,-0.2762,0.0858,-0.3617,0.9283,-0.8662,0.4333,0.2489,-0.3939,0.4695,0.7251,-0.3142,46.656538,8.621792,2.2565,45.8,2365.704834,4.7,3.4,51.0,Cycling,High,74.4011,-0.0422,483.8541,-127.8456,-220.1244,6.3617,-39.5713,-27.562
2024-02-11 11:37:32,0.6513,-0.7739,-0.6679,0.2393,-0.1398,-0.1177,1.741,0.1384,1.1865,0.6593,0.8359,-2.6853,-0.5093,-0.7563,-0.4107,0.2955,-0.6019,0.7419,-0.8083,0.2565,0.53,-0.3751,0.3072,0.8126,-0.3236,46.656545,8.621826,2.438,51.5,2365.084473,4.7,3.4,62.9,Cycling,High,74.4055,-0.51,486.5115,-117.9791,-230.3541,9.1153,-29.5266,-37.8271
2024-02-11 11:37:33,0.7563,-0.8856,-0.7675,0.1268,-0.4344,-0.0884,0.3817,0.1831,0.5283,0.7098,0.4847,-2.7761,-0.5999,-0.5547,-0.5766,0.3162,-0.8264,0.4659,-0.7349,0.0971,0.6711,-0.3726,0.16,0.88,-0.2474,46.656553,8.621852,2.2998,63.1,2365.404785,4.7,3.4,66.5,Unknown,High,74.4108,-1.0781,492.4307,-107.3411,-235.7654,14.9593,-19.1455,-43.1515
2024-02-11 11:37:34,0.6553,-0.854,-0.8597,0.1564,-0.2434,-0.1465,-2.0572,0.4868,0.0803,0.641,0.6579,-2.8861,-0.683,-0.5564,-0.4732,0.2,-0.7656,0.6114,-0.7025,0.323,0.6342,-0.3348,0.2661,0.8779,-0.2154,46.656551,8.6219,2.9684,67.6,2366.279785,4.7,3.4,82.8,Unknown,High,74.4124,-1.2524,489.0341,-114.0539,-233.5411,11.7207,-25.5528,-40.6047
2024-02-11 11:37:35,0.2465,-0.5435,-0.181,-0.0856,0.3253,0.1208,-1.6239,0.2657,-0.9001,0.8665,1.168,2.9639,-0.7612,-0.5756,-0.2987,-0.0693,-0.3858,0.92,-0.6448,0.721,0.2538,-0.3045,0.5295,0.7747,-0.1634,46.656553,8.621935,2.7643,69.3,2365.479492,4.7,3.4,82.1,Unknown,High,74.4145,-1.4719,478.073,-132.4196,-214.6006,0.8214,-44.1397,-22.2147
2024-02-11 11:37:36,1.0318,-0.7598,-0.5108,0.6743,0.343,-0.324,1.9806,-1.0959,-0.2553,1.1186,1.1047,2.3879,-0.8685,-0.2869,-0.4042,-0.3075,-0.3277,0.8933,-0.3887,0.9002,0.1963,-0.2563,0.5798,0.7734,0.0067,46.656559,8.621976,2.9889,92.9,2365.796143,4.7,3.4,78.3,Unknown,High,74.4166,-1.7017,479.7448,-136.8832,-209.4983,1.9544,-48.9235,-15.8416
2024-02-11 11:37:37,0.5728,-1.7147,-0.6858,0.6597,-0.8009,-0.124,-0.4436,-1.3196,0.9593,0.2608,1.0106,-3.059,-0.9449,-0.2974,-0.137,0.0438,-0.5296,0.8471,-0.3245,0.7944,0.5134,-0.1335,0.4748,0.8643,-0.0987,46.656565,8.621992,1.1618,80.7,2365.380127,4.7,3.4,73.6,Unknown,High,74.4166,-1.7017,469.5073,-125.3793,-221.3027,-8.4822,-37.0541,-28.4318
2024-02-11 11:37:38,0.191,-0.8924,-0.6135,-0.014,0.1305,-0.1761,-0.743,2.0516,-0.1689,0.5233,1.1422,3.0906,-0.8882,-0.4098,-0.2077,-0.0212,-0.4151,0.9096,-0.4589,0.8123,0.36,-0.2042,0.5275,0.816,-0.119,46.656564,8.622033,2.1901,78.1,2366.102295,4.7,3.4,87.8,Unknown,High,74.4173,-1.7705,472.6724,-128.6965,-218.0559,-4.9908,-40.6963,-25.2226
2024-02-11 11:37:39,-0.0965,-0.7743,-0.1353,-0.0462,0.1823,0.0842,0.4724,-0.6283,-0.8495,-0.2499,1.3252,-2.2693,-0.8068,-0.5878,0.0601,0.1862,-0.1563,0.97,-0.5607,0.7938,0.2356,-0.1688,0.5947,0.7414,-0.261,46.656559,8.62206,1.2121,53.6,2364.897705,4.7,3.4,89.4,Unknown,High,74.4143,-1.4507,462.1844,-126.399,-213.4597,-15.4244,-38.1706,-20.9815
2024-02-11 11:37:40,0.7385,-0.9575,-0.3915,0.4106,-0.147,-0.0554,1.1182,-1.145,-0.3089,0.8585,0.9578,3.0863,-0.6868,-0.582,-0.4354,-0.0318,-0.5744,0.8179,-0.7262,0.5756,0.376,-0.3576,0.4291,0.812,-0.1694,46.656558,8.62211,1.7007,68.6,2363.783936,4.7,3.4,87.9,Unknown,High,74.4132,-1.3318,484.3564,-127.6307,-221.9089,7.0336,-39.3993,-29.5271
2024-02-11 11:37:41,0.0031,-0.9325,0.0967,-0.0371,0.049,-0.0025,0.1544,0.164,0.0122,2.6658,1.4778,1.5079,-0.511,-0.8586,-0.0425,-0.0927,0.0058,0.9957,-0.8546,0.5127,-0.0826,-0.3761,0.6323,0.5964,-0.3211,46.656559,8.622153,1.5681,37.6,2364.177246,4.7,3.4,80.7,Unknown,High,74.4124,-1.2473,471.8441,-132.5817,-204.9026,-5.7377,-44.3968,-12.2116
2024-02-11 11:37:42,0.0062,-0.995,0.2702,-0.0728,-0.0532,0.085,-0.2356,-0.105,-0.0308,2.9732,1.3868,1.0557,-0.629,-0.7768,-0.0306,-0.1592,0.0901,0.9831,-0.7609,0.6233,-0.1803,-0.3396,0.6891,0.5828,-0.2649,46.656564,8.622195,1.2014,44.7,2365.432129,4.7,3.4,81.3,Unknown,High,74.4104,-1.0305,462.6705,-142.2444,-191.9996,-14.8986,-54.1729,0.8082
2024-02-11 11:37:43,0.1166,-0.9344,0.0814,-0.0063,0.051,0.0999,-0.5197,-0.2695,-0.2211,1.5094,1.4513,2.5996,-0.5638,-0.8173,-0.119,-0.0615,-0.1021,0.9929,-0.8236,0.5671,0.0073,-0.3643,0.603,0.6468,-0.2922,46.656591,8.622247,3.015,43.6,2362.750488,4.7,3.4,65.8,Unknown,High,74.4088,-0.864,469.3158,-137.8201,-203.0816,-8.0308,-49.6591,-10.7926
2024-02-11 11:37:44,0.1061,-0.9498,-0.0357,0.0498,0.0564,0.0106,0.7335,-0.0539,0.2535,0.8033,1.4708,3.0958,-0.7264,-0.6835,-0.0718,-0.0046,-0.0997,0.995,-0.6873,0.7231,0.0693,-0.2757,0.624,0.6884,-0.2466,46.65659,8.622275,1.7108,54.7,2361.96167,4.7,3.4,74.7,Unknown,High,74.4088,-0.864,467.1453,-138.0383,-206.9917,-10.5205,-50.1144,-14.1164
2024-02-11 11:37:45,0.0184,-0.8398,0.1052,-0.0198,0.1221,0.0472,-0.3121,0.119,-0.1563,2.6533,1.5176,1.2705,-0.7088,-0.705,-0.0249,-0.0508,0.0157,0.9986,-0.7036,0.709,-0.0469,-0.2839,0.6655,0.6415,-0.255,46.656617,8.622387,6.0034,49.2,2361.076904,4.7,3.4,69.8,Unknown,High,74.4111,-1.1099,463.9175,-141.047,-201.1446,-13.3985,-53.017,-8.4829
2024-02-11 11:37:46,0.0649,-1.0375,-0.016,-0.0198,-0.0252,0.0049,0.0455,-0.1308,-0.0429,1.5013,1.4907,2.5091,-0.6438,-0.761,-0.0798,-0.0473,-0.0645,0.9968,-0.7637,0.6455,0.0056,-0.3222,0.6272,0.6546,-0.2726,46.656641,8.622455,5.6232,48.0,2361.845947,4.7,3.4,65.4,Unknown,High,74.4145,-1.4771,466.6816,-140.2284,-204.4062,-11.0303,-52.3644,-11.5005
2024-02-11 11:37:47,0.0759,-0.9693,-0.0359,-0.0149,0.0481,0.0296,-0.068,0.0041,-0.0587,0.9359,1.46,2.9992,-0.7007,-0.7079,-0.0891,-0.0157,-0.1095,0.9939,-0.7133,0.6978,0.0656,-0.2929,0.6176,0.6848,-0.2527,46.656609,8.622544,5.5009,52.3,2361.655518,4.7,3.4,70.3,Unknown,High,74.4208,-2.1509,463.2901,-141.914,-204.2195,-13.9651,-53.6255,-11.6986
2024-02-11 11:37:48,0.0544,-1.0693,-0.0202,0.0214,-0.0702,-0.0487,-0.0331,-0.0176,0.1871,2.284,1.5272,1.6908,-0.6718,-0.74,-0.033,-0.0433,-0.0052,0.9991,-0.7395,0.6726,-0.0285,-0.3008,0.651,0.642,-0.2713,46.656629,8.622625,6.0616,47.8,2361.1604,7.9,3.4,68.6,Unknown,High,74.436,-3.7681,462.6499,-142.1929,-201.0108,-14.545,-53.489,-9.1801
2024-02-11 11:37:49,0.0452,-0.955,0.1549,0.0166,0.0485,-0.0153,-0.016,-0.0474,-0.0061,3.0928,1.3883,0.9039,-0.6555,-0.7552,-0.0088,-0.1426,0.1123,0.9834,-0.7416,0.6459,-0.1813,-0.3215,0.698,0.5835,-0.2624,46.656654,8.622712,6.5145,44.3,2360.469971,8.8,3.4,66.3,Unknown,High,74.4402,-4.2224,466.3585,-140.0936,-197.985,-11.205,-52.1043,-5.0671
2024-02-11 11:37:50,0.0391,-0.9777,0.1141,0.0241,0.0262,-0.0286,-0.126,0.1153,-0.0965,3.0521,1.4286,0.9471,-0.6535,-0.7568,-0.0127,-0.115,0.0827,0.9899,-0.7482,0.6483,-0.1411,-0.3182,0.6851,0.5978,-0.2684,46.656677,8.622791,6.5562,44.4,2360.123535,9.9,3.4,66.3,Unknown,High,74.4473,-4.9783,466.3585,-139.1342,-199.219,-10.9417,-51.0906,-6.2523
2024-02-11 11:37:51,0.0753,-1.0258,0.0526,0.0284,-0.0134,-0.0324,0.0993,0.0631,0.0129,2.6467,1.4771,1.4522,-0.5737,-0.8179,-0.0445,-0.0929,0.0111,0.9956,-0.8138,0.5753,-0.0824,-0.3527,0.6456,0.6083,-0.2979,46.6567,8.622866,6.4604,41.3,2359.729492,11.1,3.4,66.3,Unknown,High,74.4536,-5.6519,468.8758,-140.2779,-201.8615,-8.5703,-52.109,-9.2714
2024-02-11 11:37:52,0.0761,-0.9472,0.0239,0.0439,0.0414,-0.0169,0.0545,-0.0688,0.056,2.1008,1.5195,2.0397,-0.5403,-0.8403,-0.0442,-0.0457,-0.0231,0.9987,-0.8403,0.5416,-0.0259,-0.3566,0.6211,0.62,-0.3204,46.656722,8.622938,6.2306,38.7,2359.437012,11.8,3.4,66.3,Unknown,High,74.4587,-6.2017,468.5829,-138.9349,-204.2042,-8.972,-50.8426,-11.6552
2024-02-11 11:37:53,0.0591,-1.1171,0.0184,-0.0017,-0.1402,0.0008,0.0133,-0.0015,-0.046,1.9585,1.5037,2.2274,-0.5009,-0.8633,-0.0621,-0.0531,-0.0409,0.9978,-0.8639,0.5031,-0.0253,-0.3759,0.6094,0.6157,-0.329,46.656741,8.623002,5.8566,36.4,2359.220215,12.7,3.4,66.3,Unknown,High,74.4655,-6.9202,470.2994,-139.675,-204.6872,-7.245,-51.576,-12.0327
2024-02-11 11:37:54,-0.0281,-1.0888,-0.0122,-0.056,-0.0892,-0.0026,0.0076,-0.0797,0.0417,1.242,1.5413,2.9237,-0.5198,-0.8538,-0.028,-0.0064,-0.0288,0.9996,-0.8543,0.5198,0.0095,-0.3534,0.6086,0.6241,-0.3394,46.656759,8.623062,5.4574,36.4,2359.140869,14.2,3.4,66.3,Unknown,High,74.4692,-7.314,468.2192,-138.9526,-205.5304,-9.1619,-50.9357,-12.8917
2024-02-11 11:37:55,-0.0474,-0.956,0.0453,-0.0536,0.0316,0.0194,0.0156,-0.062,-0.0599,2.7542,1.5431,1.3405,-0.579,-0.8152,-0.0105,-0.027,0.0063,0.9996,-0.8149,0.5791,-0.0257,-0.3318,0.6346,0.6219,-0.3169,46.656775,8.623113,4.9235,38.5,2358.916992,15.7,3.4,66.3,Unknown,High,74.4711,-7.52,466.4256,-139.2302,-203.1598,-11.1501,-51.1364,-10.4511
2024-02-11 11:37:56,0.0535,-0.9834,-0.0209,0.0015,0.0175,-0.0012,-0.1272,-0.0046,-0.0561,1.3356,1.5178,2.7037,-0.6228,-0.7806,-0.0515,-0.0225,-0.0479,0.9986,-0.782,0.6231,0.0123,-0.3212,0.625,0.6487,-0.2922,46.65679,8.623164,4.7121,44.9,2358.547607,17.0,3.4,66.3,Unknown,High,74.4729,-7.7102,467.8743,-139.377,-204.7125,-9.6342,-51.1738,-12.1237
2024-02-11 11:37:57,0.0809,-0.9797,0.0007,0.0039,0.0167,0.0371,0.0008,-0.0356,-0.0213,1.1287,1.4855,2.9019,-0.6295,-0.7732,-0.077,-0.0202,-0.0827,0.9964,-0.7768,0.6287,0.0364,-0.3228,0.6145,0.6612,-0.2847,46.656944,8.623133,4.6837,45.9,2358.13208,4.7,3.4,55.7,Unknown,High,74.4751,-7.9482,469.4958,-138.1444,-206.5929,-8.3612,-49.7715,-13.7023
2024-02-11 11:37:58,0.0442,-0.9671,-0.0691,-0.0098,0.051,0.0042,0.1009,0.0128,0.0426,0.6763,1.4742,-2.9433,-0.6419,-0.7644,-0.0604,0.019,-0.0946,0.9953,-0.7666,0.6377,0.0752,-0.3072,0.6066,0.673,-0.291,46.656966,8.623193,4.9449,46.9,2357.799072,4.7,3.4,58.8,Unknown,High,74.4785,-8.3127,468.163,-137.5079,-207.9712,-9.2528,-49.6184,-15.3292
2024-02-11 11:37:59,0.046,-0.941,-0.0293,-0.0546,0.0566,0.0187,0.1602,-0.0165,-0.1014,1.064,1.4337,3.0132,-0.5923,-0.7968,-0.1195,-0.0175,-0.1355,0.9906,-0.8056,0.5888,0.0663,-0.3453,0.5896,0.6697,-0.2909,46.656988,8.623253,5.0998,45.9,2357.266846,4.7,3.4,60.5,Unknown,High,74.4843,-8.9338,469.7059,-140.1809,-206.7356,-7.753,-52.1825,-13.8136
2024-02-11 11:38:00,0.0677,-0.8854,-0.0086,-0.0377,0.0977,0.0209,-0.0233,-0.1082,0.026,1.4367,1.4791,2.4344,-0.7428,-0.6633,-0.0908,-0.0595,-0.0696,0.9958,-0.6669,0.7451,0.0122,-0.2804,0.6444,0.6754,-0.2235,46.657012,8.623317,5.4297,56.0,2356.352295,4.7,3.4,60.5,Unknown,High,74.4926,-9.8188,467.268,-139.2657,-203.7874,-10.1308,-51.2143,-11.1952
2024-02-11 11:38:01,0.0763,-0.9716,0.0409,0.0246,0.0276,0.0092,0.1758,0.1851,0.1095,2.1294,1.5208,1.8117,-0.696,-0.7167,-0.0424,-0.0485,-0.0119,0.9988,-0.7164,0.6972,-0.0265,-0.2926,0.654,0.6484,-0.2577,46.657033,8.623391,5.7981,51.3,2356.036377,4.7,3.4,63.8,Unknown,High,74.5008,-10.6909,466.6782,-139.0554,-203.0502,-11.0503,-51.0454,-10.3225
