Timestamp,accelX(g),accelY(g),accelZ(g),accelUserX(g),accelUserY(g),accelUserZ(g),gyroX(rad/s),gyroY(rad/s),gyroZ(rad/s),Roll(rads),Pitch(rads),Yaw(rads),m11,m12,m13,m21,m22,m23,m31,m32,m33,qX,qY,qZ,qW,Lat,Long,Speed(m/s),TrueHeading,Alt(m),HorizontalAccuracy(m),VerticalAccuracy(m),Course,ActivityType,ActivityConfidence,Pressure(kilopascals),RelativeAltitude(meters),magX(µT),magY(µT),magZ(µT),calMagX(µT),calMagY(µT),calMagZ(µT)
2023-04-07 09:13:51,0.1534,-0.518,-0.8395,-0.0108,0.0025,-0.0101,0.0166,0.0051,0.0318,0.1982,0.5476,-2.8893,-0.9238,-0.344,-0.1681,0.2131,-0.8267,0.5206,-0.3181,0.4451,0.8371,-0.1284,0.2549,0.947,-0.1471,46.632262,8.592034,0.1935,75.1,1435.913452,13.3,3.9,-1.0,Stationary,Low,85.165,-0.0343,-135.5536,36.2744,-65.9999,-27.1108,6.9614,-7.9447
2023-04-07 09:13:52,0.1562,-0.5118,-0.8333,-0.0094,0.0023,0.0054,0.0042,0.0032,-0.0066,0.1922,0.5392,-2.8981,-0.929,-0.3318,-0.164,0.2069,-0.8328,0.5135,-0.3069,0.4431,0.8423,-0.124,0.2519,0.9492,-0.1419,46.632283,8.592056,0.4469,76.1,1436.339233,13.8,3.9,-1.0,Unknown,High,85.1649,-0.0264,-135.1368,36.0763,-66.4066,-26.8162,7.0748,-8.5435
2023-04-07 09:13:53,0.1508,-0.5035,-0.8493,-0.0059,0.0053,-0.0014,0.002,0.0021,0.0225,0.1822,0.5332,-2.8874,-0.9287,-0.3364,-0.156,0.2166,-0.8335,0.5083,-0.3011,0.4382,0.8469,-0.1203,0.2491,0.9499,-0.1455,46.632277,8.59205,0.226,76.1,1436.754761,14.9,3.9,-1.0,Stationary,Low,85.1648,-0.0184,-135.6325,36.4408,-67.069,-27.0917,7.1687,-9.2339
2023-04-07 09:13:54,0.1604,-0.5134,-0.8229,-0.007,0.0025,0.0136,0.0594,0.0147,0.0097,0.1984,0.5428,-2.9001,-0.9276,-0.3333,-0.1687,0.2048,-0.8314,0.5166,-0.3125,0.4446,0.8395,-0.1268,0.2533,0.9485,-0.1418,46.6323,8.592035,0.5294,76.1,1436.68689,15.0,3.9,-1.0,Stationary,Low,85.1648,-0.0184,-135.1522,36.4185,-66.2895,-26.4431,7.0141,-7.935
2023-04-07 09:13:55,0.1569,-0.5341,-0.833,0.0065,-0.008,0.0061,-0.0024,0.0176,0.0147,0.1766,0.5525,-2.854,-0.9179,-0.3676,-0.1496,0.2414,-0.8163,0.5248,-0.315,0.4456,0.838,-0.1229,0.2567,0.945,-0.1611,46.6323,8.592035,0.0,74.9,1436.68689,14.6,3.9,-1.0,Unknown,High,85.1648,-0.0184,-136.8931,36.2061,-66.0967,-28.3148,7.0149,-8.3881
2023-04-07 09:13:56,0.1402,-0.5249,-0.822,-0.0152,0.0021,0.0136,0.0087,-0.0016,0.0262,0.1847,0.5557,-2.8528,-0.9147,-0.3729,-0.1561,0.2419,-0.8143,0.5276,-0.3238,0.4448,0.835,-0.1271,0.2575,0.9439,-0.1628,46.6323,8.592035,0.0,73.9,1436.68689,14.0,3.9,-1.0,Unknown,High,85.1648,-0.0184,-136.7274,36.4529,-67.1522,-28.2382,7.1504,-9.0129
2023-04-07 09:13:57,0.2725,-0.5471,-0.845,0.0776,-0.0145,-0.0166,-0.0226,-0.048,-0.0425,0.2178,0.5583,-3.0139,-0.9539,-0.2378,-0.1833,0.108,-0.8413,0.5297,-0.2801,0.4855,0.8281,-0.1217,0.2667,0.9517,-0.0908,46.632322,8.592045,0.1514,82.0,1434.90564,14.3,3.9,-1.0,Unknown,High,85.1648,-0.0184,-131.8551,35.6236,-64.1165,-23.2364,6.227,-6.1453
2023-04-07 09:13:58,0.4489,-0.5924,-0.9436,0.0414,-0.0549,-0.1594,0.3398,0.7824,0.0628,0.4715,0.5382,2.7334,-0.9101,0.14,-0.39,-0.3408,-0.7881,0.5126,-0.2356,0.5995,0.765,-0.1681,0.2988,0.9305,0.1292,46.63233,8.592062,0.0,108.7,1434.76123,13.8,3.9,-1.0,Unknown,High,85.1648,-0.0184,-113.2064,38.546,-58.0968,-4.6878,9.1108,0.0656
2023-04-07 09:13:59,0.6856,-0.7265,-0.0184,-0.1006,-0.1458,-0.2381,0.3398,0.7824,0.0628,1.8793,0.627,2.0384,-0.3621,-0.523,-0.7716,-0.7229,-0.365,0.5867,-0.5885,0.7702,-0.2459,-0.5587,0.5574,0.6085,0.0821,46.63232,8.592063,0.139,109.4,1434.619507,14.1,3.9,-1.0,Unknown,High,85.1647,-0.0052,-129.0272,55.9793,-7.0269,-20.8371,25.9393,50.5388
2023-04-07 09:14:00,-0.3974,-1.4514,0.5401,-0.4102,-0.4524,0.2641,0.2378,0.1376,1.3491,3.1137,1.2301,0.8672,-0.6667,-0.7453,-0.0093,-0.2548,0.2162,0.9425,-0.7004,0.6308,-0.334,-0.3358,0.7445,0.5283,-0.2321,46.632308,8.592068,0.1609,46.7,1434.838745,14.3,3.9,-1.0,Unknown,High,85.1647,-0.0052,-149.0855,49.0089,-13.9328,-40.8132,20.0843,43.6841
2023-04-07 09:14:01,0.1142,-1.0473,0.3539,-0.0688,-0.1415,-0.047,0.2956,-0.3491,-0.1599,2.6929,1.1363,0.9527,-0.8428,-0.5063,-0.1826,-0.3431,0.2439,0.9071,-0.4147,0.8271,-0.3793,-0.2704,0.7852,0.5522,-0.0739,46.632329,8.592057,0.2971,77.3,1435.391968,15.0,3.9,-1.0,Unknown,High,85.1647,-0.0052,-136.7519,52.7738,-8.8053,-27.1869,23.5335,48.4222
2023-04-07 09:14:02,0.2004,-0.9099,0.3368,-0.0056,0.0123,0.0196,-0.0055,-0.023,-0.0557,2.5911,1.1892,1.009,-0.8649,-0.4627,-0.1948,-0.3152,0.1984,0.9281,-0.3908,0.864,-0.3174,-0.2521,0.7715,0.5808,-0.0635,46.632322,8.592048,0.4494,81.7,1435.949463,16.7,3.9,-1.0,Unknown,High,85.1647,-0.0105,-132.7719,50.7097,-9.9442,-24.377,21.6464,47.7536
2023-04-07 09:14:03,0.1904,-0.9595,0.2699,0.0672,-0.0018,0.0025,0.5162,-1.151,0.6156,2.7258,1.2711,1.0075,-0.8148,-0.5674,-0.1193,-0.2496,0.1576,0.9554,-0.5233,0.8082,-0.2701,-0.2728,0.7488,0.5889,-0.1349,46.632324,8.592043,0.4257,67.6,1436.470947,20.0,3.9,-1.0,Unknown,High,85.165,-0.0396,-139.2834,49.7109,-12.1814,-30.7578,20.2302,45.6123
2023-04-07 09:14:04,-0.0059,-0.9622,0.2976,-0.0156,0.0032,0.0176,-0.0667,0.1846,0.1345,3.1038,1.2899,0.6958,-0.7903,-0.6126,-0.0105,-0.1777,0.2128,0.9608,-0.5864,0.7612,-0.277,-0.2617,0.755,0.5702,-0.1907,46.632326,8.592039,0.4351,57.2,1436.909302,22.7,3.9,-1.0,Unknown,High,85.1651,-0.0475,-147.0809,48.8331,-12.5501,-38.3093,19.2448,45.5035
2023-04-07 09:14:05,-0.0074,-0.9725,0.3448,-0.0272,-0.0049,0.0767,-0.2258,-0.2204,-0.0766,3.0644,1.3032,0.738,-0.7877,-0.6158,-0.0204,-0.1779,0.1956,0.9644,-0.5899,0.7633,-0.2636,-0.2647,0.7495,0.5763,-0.19,46.632332,8.592037,0.4315,57.7,1437.330444,27.2,3.9,-1.0,Unknown,High,85.1654,-0.0765,-146.9026,47.618,-13.1038,-37.7609,18.0058,45.3335
2023-04-07 09:14:06,0.0307,-0.9665,0.2828,0.0058,-0.0067,0.0027,-0.0599,0.0525,-0.0243,3.0524,1.2864,0.7511,-0.7864,-0.6172,-0.025,-0.1915,0.2051,0.9598,-0.5873,0.7596,-0.2795,-0.2683,0.7535,0.5705,-0.1866,46.632321,8.592042,0.2937,57.7,1437.656494,31.5,3.9,-1.0,Unknown,High,85.1658,-0.1083,-145.8971,48.0497,-12.8274,-37.5978,18.9319,45.0785
2023-04-07 09:14:07,0.0396,-0.9533,0.299,0.0016,0.0017,0.0046,0.0067,0.0129,0.0059,3.0122,1.2693,0.7879,-0.7868,-0.616,-0.0383,-0.2105,0.2094,0.9549,-0.5802,0.7594,-0.2944,-0.2731,0.7567,0.5663,-0.179,46.632274,8.592069,0.5916,57.7,1438.181152,41.2,3.9,-1.0,Stationary,Low,85.1658,-0.1083,-149.2371,47.9076,-11.3272,-40.4941,18.4645,46.5761
2023-04-07 09:14:08,,,,,,,,,,,,,,,,,,,,,,,,,,,,,,,,,,,,,,,,,,,
2023-04-07 09:14:09,0.2124,-0.9856,-0.0022,0.0211,-0.0039,-0.0254,-0.1698,-0.1908,-0.0511,1.6938,1.3771,2.0557,-0.8045,-0.5624,-0.1911,-0.1703,-0.0897,0.9813,-0.5691,0.8219,-0.0236,-0.2779,0.6592,0.6838,-0.1434,46.632267,8.592073,0.0,69.0,1438.28186,46.9,3.9,-1.0,Unknown,High,85.1657,-0.1003,-144.3065,40.1306,-19.6099,-36.0557,10.3344,38.294
2023-04-07 09:14:10,0.2239,-0.9733,-0.0215,0.0049,0.0026,0.0074,-0.0249,-0.0251,-0.0021,1.4402,1.3485,2.2954,-0.8104,-0.5435,-0.2186,-0.1651,-0.1461,0.9754,-0.5621,0.8266,0.0287,-0.277,0.6395,0.7045,-0.1343,46.632262,8.592073,0.5932,72.1,1438.603394,51.7,3.9,-1.0,Unknown,High,85.1657,-0.1003,-143.7789,38.7514,-21.3995,-35.168,9.2046,37.2633
2023-04-07 09:14:11,0.224,-0.973,-0.0144,0.0002,0.0012,0.0042,0.0243,0.0212,0.0097,1.4877,1.3439,2.2612,-0.8015,-0.5544,-0.2242,-0.1734,-0.1432,0.9744,-0.5723,0.8199,0.0187,-0.2842,0.6402,0.7006,-0.1359,46.632071,8.592201,2.5568,72.1,1438.770752,55.2,3.9,155.5,Unknown,High,85.1657,-0.1003,-143.3478,38.5785,-21.6561,-35.2115,9.1549,36.2968
2023-04-07 09:14:12,0.221,-0.9758,-0.0172,-0.0028,-0.0013,0.0009,0.0037,0.0071,0.0043,1.4922,1.3444,2.2538,-0.8031,-0.5523,-0.2238,-0.1741,-0.1417,0.9745,-0.5699,0.8215,0.0176,-0.2833,0.6411,0.7004,-0.135,46.631958,8.592016,3.2581,72.1,1438.89209,44.9,3.9,192.9,Stationary,Low,85.1658,-0.111,-143.4124,38.162,-21.7935,-34.7216,9.0108,36.2631
2023-04-07 09:14:13,0.2268,-0.9722,-0.0159,-0.0006,0.0014,-0.0009,0.0113,0.0132,-0.0023,1.5031,1.3412,2.2482,-0.7994,-0.5563,-0.2271,-0.1773,-0.1427,0.9738,-0.5741,0.8187,0.0154,-0.2863,0.6406,0.6995,-0.1354,46.631964,8.592018,0.0,72.1,1438.855713,41.5,3.9,192.9,Stationary,Low,85.1658,-0.111,-143.1237,38.9097,-21.2713,-34.7852,9.3284,36.9203
2023-04-07 09:14:14,0.226,-0.9735,-0.0117,0.0007,0.0001,0.0013,0.0123,0.0057,0.006,1.5146,1.3432,2.2358,-0.8001,-0.556,-0.2253,-0.1775,-0.1392,0.9742,-0.573,0.8195,0.0127,-0.2857,0.6419,0.6986,-0.1354,46.631964,8.592018,0.0,72.1,1438.855713,36.8,3.9,-1.0,Stationary,Low,85.1658,-0.111,-143.2944,38.7327,-21.4597,-35.0099,9.5027,36.2553
2023-04-07 09:14:15,0.2265,-0.9718,-0.0098,0.0008,0.0024,0.0032,0.0136,0.0014,0.0085,1.5127,1.3424,2.2409,-0.7982,-0.5584,-0.226,-0.1775,-0.1406,0.974,-0.5757,0.8175,0.0131,-0.2869,0.6412,0.6986,-0.1363,46.631964,8.592018,0.0,72.1,1438.855713,37.1,4.0,-1.0,Stationary,High,85.1657,-0.103,-143.1238,38.7281,-21.5809,-35.0802,9.3106,36.5831
2023-04-07 09:14:16,0.1062,-0.9886,0.058,-0.0076,0.0038,0.0042,0.1269,0.0885,0.1974,2.0137,1.4445,1.785,-0.7847,-0.6093,-0.1138,-0.1231,-0.0268,0.992,-0.6075,0.7925,-0.054,-0.2721,0.673,0.6629,-0.1834,46.631964,8.592018,0.0,63.1,1438.855713,28.4,3.7,-1.0,Unknown,High,85.1656,-0.0872,-142.4629,43.4011,-20.6312,-33.992,13.9235,37.422
2023-04-07 09:14:17,0.1169,-0.9917,0.057,-0.0017,-0.0009,0.0062,0.0139,-0.0056,-0.0143,1.9763,1.4413,1.8231,-0.7839,-0.6094,-0.1187,-0.1251,-0.0322,0.9916,-0.6081,0.7922,-0.0509,-0.2735,0.6713,0.6643,-0.1823,46.632112,8.592115,0.161,63.1,1438.966064,28.2,3.7,-1.0,Unknown,High,85.1656,-0.0872,-142.0744,43.3922,-19.9232,-33.5916,13.7662,37.7146
2023-04-07 09:14:18,0.1192,-0.9918,0.0467,-0.0014,-0.0005,-0.0026,0.0055,0.0023,0.0051,1.9558,1.4404,1.8434,-0.7839,-0.6091,-0.1205,-0.1252,-0.035,0.9915,-0.6081,0.7923,-0.0488,-0.2738,0.6704,0.6652,-0.1818,46.632105,8.59212,0.0,63.1,1439.01355,28.4,3.7,-1.0,Stationary,Low,85.1656,-0.0872,-142.1842,42.5357,-20.157,-33.8111,13.57,37.4875
2023-04-07 09:14:19,0.1192,-0.9903,0.0574,-0.0025,0.0008,0.0042,0.0132,0.0315,0.0003,1.9858,1.4376,1.828,-0.7746,-0.6207,-0.1215,-0.1284,-0.0338,0.9911,-0.6193,0.7833,-0.0535,-0.2796,0.6698,0.6623,-0.1858,46.632105,8.59212,0.0,62.1,1439.01355,28.4,3.7,-1.0,Stationary,Low,85.1655,-0.0845,-142.7674,42.653,-20.5887,-34.1444,13.3363,37.405
2023-04-07 09:14:20,0.1176,-0.9911,0.0575,-0.0029,0.0003,0.0023,0.0129,0.01,0.0099,1.9992,1.4379,1.819,-0.7719,-0.6242,-0.1205,-0.1284,-0.0326,0.9912,-0.6226,0.7806,-0.055,-0.2809,0.6698,0.6613,-0.1874,46.632105,8.59212,0.0,62.1,1439.01355,27.8,3.7,-1.0,Stationary,Low,85.1654,-0.0686,-142.4027,43.2832,-20.5898,-33.9525,13.6403,37.3517
2023-04-07 09:14:21,0.1209,-0.9927,0.0572,0.0022,-0.0018,-0.0002,0.0105,0.0012,0.0052,2.018,1.438,1.7888,-0.7791,-0.6155,-0.1193,-0.1292,-0.0286,0.9912,-0.6135,0.7876,-0.0572,-0.277,0.6722,0.6615,-0.1838,46.632105,8.59212,0.0,62.1,1439.01355,28.8,3.8,-1.0,Stationary,Low,85.1653,-0.066,-142.3378,43.2421,-20.4268,-33.8709,13.8491,37.8759
2023-04-07 09:14:22,0.1208,-0.99,0.0556,0.0007,0.0013,-0.0014,0.0073,0.0177,0.0054,2.0154,1.4374,1.8025,-0.7721,-0.6241,-0.1201,-0.1294,-0.0305,0.9911,-0.6222,0.7808,-0.0572,-0.2809,0.6706,0.6606,-0.1872,46.632105,8.59212,0.0,62.1,1439.01355,29.2,3.8,-1.0,Stationary,Low,85.1653,-0.066,-142.7637,43.0759,-20.2844,-34.1269,13.9248,37.6684
2023-04-07 09:14:23,0.1205,-0.9884,0.0544,0.0001,0.0028,-0.0031,0.0156,0.0074,0.0095,2.0192,1.4369,1.8007,-0.7708,-0.6256,-0.1203,-0.13,-0.0304,0.9911,-0.6237,0.7795,-0.0579,-0.2817,0.6705,0.6602,-0.1877,46.632105,8.59212,0.0,62.1,1439.01355,26.4,3.6,-1.0,Stationary,High,85.1653,-0.066,-142.8902,43.4173,-20.9241,-34.4753,14.0934,37.0077
2023-04-07 09:14:24,0.1192,-0.99,0.0599,0.0003,0.0012,0.0002,0.0075,-0.0064,0.0101,2.0363,1.4374,1.7711,-0.7787,-0.6161,-0.1188,-0.1303,-0.0265,0.9911,-0.6138,0.7872,-0.0597,-0.2773,0.673,0.6606,-0.1838,46.632105,8.59212,0.0,62.1,1439.01355,26.6,3.7,-1.0,Stationary,High,85.1654,-0.0686,-142.5269,43.4421,-20.1079,-33.9891,14.0524,37.9292
2023-04-07 09:14:25,0.1415,-0.985,0.0504,0.0163,0.006,-0.0018,0.0039,0.0186,0.0061,1.9674,1.4342,1.8443,-0.7755,-0.6187,-0.1256,-0.1311,-0.0368,0.9907,-0.6176,0.7847,-0.0526,-0.2801,0.6692,0.6633,-0.1838,46.632105,8.59212,0.0,62.1,1439.01355,26.1,3.5,-1.0,Stationary,High,85.1654,-0.0686,-143.036,41.296,-21.0679,-34.4956,11.8249,37.3389
2023-04-07 09:14:26,0.1064,-1.0025,-0.1297,0.0019,-0.0131,-0.0305,-0.1143,-0.0195,0.0855,0.8018,1.4268,3.0294,-0.7707,-0.6288,-0.1031,-0.0161,-0.1426,0.9897,-0.637,0.7644,0.0998,-0.2608,0.6181,0.7094,-0.2159,46.632105,8.59212,0.0,58.8,1439.01355,25.9,3.4,-1.0,Unknown,High,85.1654,-0.0765,-144.3033,38.0143,-27.5385,-35.4543,8.7645,30.2841
2023-04-07 09:14:27,0.1437,-0.9882,-0.096,0.0049,-0.0017,-0.0083,0.0568,-0.0381,-0.0479,1.007,1.4066,2.8228,-0.7688,-0.6244,-0.1382,-0.0512,-0.1552,0.9866,-0.6374,0.7655,0.0873,-0.2734,0.6177,0.7091,-0.2021,46.632084,8.592088,0.0378,60.9,1438.865967,25.4,3.3,-1.0,Unknown,High,85.1654,-0.0765,-142.2696,38.255,-27.2585,-33.7335,8.9378,30.552
2023-04-07 09:14:28,0.1474,-0.9829,-0.0726,-0.0022,0.0031,0.0014,0.0107,0.0055,-0.0206,1.1099,1.4034,2.7278,-0.7623,-0.6298,-0.1492,-0.067,-0.1525,0.986,-0.6437,0.7617,0.0741,-0.2811,0.6196,0.7051,-0.1995,46.632096,8.592096,0.1121,61.9,1438.852539,24.8,3.3,-1.0,Stationary,Low,85.1654,-0.0686,-142.3139,38.2385,-26.7108,-33.763,8.9481,30.9959
2023-04-07 09:14:29,0.1479,-0.9846,-0.0599,-0.0008,0.0021,0.0037,0.0015,-0.0005,-0.0068,1.1634,1.4077,2.6703,-0.7644,-0.6273,-0.1491,-0.0737,-0.1447,0.9867,-0.6405,0.7652,0.0644,-0.2811,0.6236,0.7024,-0.197,46.63209,8.592091,0.0,61.9,1438.836792,25.0,3.4,-1.0,Unknown,High,85.1653,-0.066,-141.7919,38.1984,-26.448,-33.398,9.0739,31.8409
2023-04-07 09:14:30,0.1714,-0.9835,-0.0508,0.0026,0.0003,0.0059,0.0119,0.0113,-0.0104,1.2476,1.3915,2.5908,-0.7589,-0.6288,-0.1691,-0.0933,-0.152,0.984,-0.6444,0.7626,0.0567,-0.29,0.6226,0.7014,-0.1909,46.632089,8.592117,0.2402,61.9,1438.76416,24.4,3.4,-1.0,Unknown,High,85.1653,-0.066,-141.2642,38.1956,-25.7125,-32.6158,9.2014,31.9594
2023-04-07 09:14:31,0.1982,-0.9774,-0.0612,0.0123,0.0022,0.0052,-0.003,0.0142,0.0103,1.2273,1.3719,2.6188,-0.7526,-0.6316,-0.1861,-0.0986,-0.1712,0.9803,-0.651,0.7561,0.0665,-0.2967,0.6154,0.7054,-0.1889,46.632099,8.592137,0.3204,62.9,1438.731567,24.7,3.5,-1.0,Stationary,Low,85.1655,-0.0792,-141.1611,37.9776,-26.6277,-32.4528,8.4846,31.8554
2023-04-07 09:14:32,0.1758,-0.9822,-0.0692,0.0028,0.0007,0.0014,-0.0533,0.0135,0.054,1.1889,1.3829,2.6565,-0.7547,-0.6327,-0.1733,-0.0871,-0.1653,0.9824,-0.6502,0.7565,0.0696,-0.2919,0.6164,0.7053,-0.1934,46.632083,8.592122,0.2592,61.9,1438.636108,23.2,3.5,-1.0,Unknown,High,85.1655,-0.0845,-139.7848,46.1032,-25.4004,-31.1587,16.5942,32.4577
2023-04-07 09:14:33,0.1797,-0.9783,-0.0749,0.0029,0.0038,0.0006,-0.0054,0.0063,0.0008,1.167,1.3765,2.6809,-0.753,-0.6335,-0.1776,-0.0859,-0.173,0.9812,-0.6523,0.7541,0.0759,-0.2933,0.6132,0.7074,-0.1935,46.632082,8.592107,0.3976,61.9,1438.579834,21.8,3.5,-1.0,Unknown,High,85.1657,-0.0977,-139.8465,46.1759,-25.958,-31.6538,16.8499,31.8711
2023-04-07 09:14:34,0.185,-0.9796,-0.08,-0.0016,-0.0008,-0.0005,0.0171,0.0278,-0.0379,1.1681,1.3669,2.6862,-0.7482,-0.6368,-0.1863,-0.0891,-0.1819,0.9793,-0.6575,0.7493,0.0794,-0.2976,0.6097,0.7088,-0.1932,46.632063,8.592147,0.491,61.9,1438.452881,20.9,3.6,-1.0,Stationary,Low,85.1658,-0.111,-139.8271,41.4589,-27.9564,-31.0409,11.994,30.3078
2023-04-07 09:14:35,0.2031,-0.9886,-0.0745,0.0337,-0.0029,-0.0146,0.0364,-0.011,0.016,1.239,1.3907,2.6076,-0.7539,-0.6348,-0.1694,-0.0912,-0.1542,0.9838,-0.6507,0.7571,0.0583,-0.2924,0.6208,0.7011,-0.1939,46.632128,8.592099,0.3481,62.9,1438.38269,20.2,3.7,-1.0,Stationary,Low,85.1658,-0.111,-140.0832,41.4177,-26.2346,-31.5786,12.003,31.6568
2023-04-07 09:14:36,-0.0147,-0.95,0.2823,-0.0044,0.0204,0.0306,0.2765,0.087,0.2284,-3.0996,1.3177,0.7199,-0.7244,-0.6893,0.0105,-0.1651,0.1882,0.9682,-0.6693,0.6996,-0.2501,-0.2905,0.7353,0.567,-0.2311,46.632128,8.592099,0.0,49.2,1438.377686,20.0,3.7,-1.0,Unknown,High,85.1658,-0.111,-150.3181,48.7995,-15.8562,-41.2651,19.5845,42.4101
2023-04-07 09:14:37,0.0116,-0.949,0.305,-0.0106,0.0067,0.0137,0.1594,-0.3579,-0.0582,3.0651,1.2742,0.7479,-0.7807,-0.6245,-0.0223,-0.1988,0.2143,0.9563,-0.5925,0.7511,-0.2914,-0.2722,0.756,0.5646,-0.1885,46.632163,8.592073,0.3658,56.8,1438.405518,20.8,3.8,-1.0,Unknown,High,85.1657,-0.0977,-145.8873,49.8657,-13.3387,-37.4762,20.4624,44.7906
2023-04-07 09:14:38,0.0073,-0.9458,0.2512,-0.0042,0.0243,0.0023,-0.0414,-0.0772,0.0522,3.1014,1.3133,0.7165,-0.779,-0.6269,-0.0102,-0.1673,0.1921,0.967,-0.6043,0.755,-0.2545,-0.2662,0.7459,0.5772,-0.1991,46.632166,8.592072,0.3655,55.7,1438.428711,22.7,3.8,-1.0,Unknown,High,85.1654,-0.0765,-146.3352,48.6319,-14.2011,-37.8803,19.2486,43.8136
2023-04-07 09:14:39,0.0333,-0.9585,0.2662,-0.0003,0.0026,-0.0098,0.1322,0.0177,0.0261,3.0201,1.288,0.7893,-0.7818,-0.6226,-0.0338,-0.1981,0.1965,0.9603,-0.5913,0.7574,-0.2769,-0.2732,0.7509,0.5719,-0.1856,46.63217,8.592071,0.3653,56.8,1438.45105,25.5,3.9,-1.0,Unknown,High,85.1654,-0.074,-145.7835,48.9831,-13.5858,-37.3121,19.6966,44.5463
2023-04-07 09:14:40,0.0277,-0.9588,0.2586,-0.0015,0.0043,-0.004,-0.0327,-0.0262,0.0239,3.0319,1.3018,0.7788,-0.7816,-0.6231,-0.0291,-0.1867,0.1891,0.964,-0.5952,0.7589,-0.2641,-0.2708,0.7475,0.5763,-0.1894,46.632173,8.59207,0.3651,56.8,1438.474976,28.3,3.9,-1.0,Unknown,High,85.1654,-0.074,-145.4205,48.9215,-13.7952,-36.8979,19.5155,44.1607
2023-04-07 09:14:41,0.0176,-0.9611,0.2735,0.0004,-0.0003,-0.0028,0.0212,0.03,0.0114,3.0818,1.2896,0.7586,-0.764,-0.645,-0.0166,-0.1909,0.2014,0.9607,-0.6163,0.7372,-0.277,-0.2791,0.7487,0.5669,-0.2003,46.632176,8.592069,0.3649,54.8,1438.49707,32.1,3.9,-1.0,Stationary,Low,85.1653,-0.0581,-146.7193,49.1928,-13.9796,-38.2625,19.8324,44.1024
2023-04-07 09:14:42,0.016,-0.963,0.2807,0.0004,-0.0023,0.0025,0.0129,0.0075,0.0046,3.0843,1.2884,0.7575,-0.7632,-0.646,-0.016,-0.1915,0.2025,0.9604,-0.6172,0.736,-0.2782,-0.2795,0.749,0.5662,-0.2007,46.632179,8.592067,0.3649,54.8,1438.517822,36.8,3.9,-1.0,Unknown,High,85.1653,-0.0581,-146.8533,49.252,-14.285,-38.3013,19.8904,43.8716
2023-04-07 09:14:43,0.0327,-0.9597,0.2669,0.0035,0.0031,-0.0017,0.0059,-0.0273,0.0057,3.035,1.2972,0.788,-0.7739,-0.6326,-0.0288,-0.1915,0.1905,0.9628,-0.6036,0.7506,-0.2686,-0.2758,0.7472,0.5733,-0.1923,46.632181,8.592069,0.0,55.8,1438.536377,40.9,3.9,-1.0,Stationary,Low,85.1653,-0.066,-146.3335,47.5059,-13.3674,-37.8252,18.1658,44.5076
2023-04-07 09:14:44,0.0446,-0.971,0.2607,0.0046,-0.0093,-0.0072,0.0095,0.0014,-0.0076,2.9917,1.2971,0.8317,-0.7723,-0.6339,-0.0404,-0.1998,0.1821,0.9628,-0.603,0.7517,-0.2673,-0.2797,0.7453,0.5751,-0.1887,46.632181,8.592069,0.0,56.8,1438.536377,46.0,3.9,-1.0,Unknown,High,85.1653,-0.066,-146.2086,46.4597,-13.2715,-37.7741,17.1268,44.8473
2023-04-07 09:14:45,0.0432,-0.9592,0.2709,0.0038,0.0028,-0.0004,0.0403,-0.0029,-0.0091,2.9966,1.2926,0.8419,-0.7627,-0.6456,-0.0397,-0.2048,0.1829,0.9616,-0.6135,0.7415,-0.2718,-0.2855,0.7445,0.5718,-0.1927,46.632188,8.592067,0.3528,56.8,1438.571045,51.9,4.0,-1.0,Stationary,Low,85.1653,-0.066,-145.9481,47.7459,-13.2601,-37.4437,18.4165,44.6711
2023-04-07 09:14:46,0.0376,-0.9619,0.268,0.0006,0.0011,-0.003,0.0089,0.0079,0.0107,3.0082,1.2948,0.8332,-0.7613,-0.6474,-0.0362,-0.2017,0.1832,0.9622,-0.6163,0.7398,-0.2701,-0.2853,0.7441,0.5718,-0.1949,46.632196,8.592067,0.0,55.8,1438.585571,55.7,3.9,-1.0,Stationary,Low,85.1654,-0.0713,-145.977,48.0664,-13.6411,-37.4528,18.7949,44.393
2023-04-07 09:14:47,0.0405,-0.9677,0.2711,-0.0008,-0.0069,-0.0024,0.002,-0.0298,0.0039,2.9922,1.2912,0.8437,-0.7642,-0.6437,-0.0411,-0.2062,0.1835,0.9612,-0.6112,0.743,-0.2729,-0.2852,0.7451,0.5718,-0.1913,46.6322,8.592066,0.0,55.8,1438.598022,62.0,3.9,-1.0,Stationary,Low,85.1654,-0.0765,-146.7181,46.2163,-13.1398,-38.183,16.8784,44.852
2023-04-07 09:14:48,0.0419,-0.9801,0.2352,0.0149,-0.0048,0.0184,0.0469,-0.0166,-0.0204,3.0064,1.3484,0.8117,-0.7773,-0.6284,-0.0297,-0.16,0.1518,0.9754,-0.6084,0.763,-0.2186,-0.269,0.7328,0.5931,-0.1974,46.6322,8.592066,0.0,56.8,1438.598022,68.6,4.0,-1.0,Unknown,High,85.1656,-0.0924,-147.0941,44.7495,-14.7025,-38.644,15.4631,43.1739
2023-04-07 09:14:49,-0.0637,-0.9967,0.1976,-0.022,-0.0152,0.0129,-0.1198,-0.1201,0.2355,-2.924,1.38,0.4047,-0.8141,-0.5793,0.0409,-0.0746,0.1743,0.9819,-0.5759,0.7963,-0.1851,-0.2218,0.7371,0.6031,-0.2092,46.632209,8.592064,0.436,54.7,1438.620972,74.1,3.9,-1.0,Unknown,High,85.1656,-0.0924,-147.1602,45.3066,-15.2325,-38.7877,15.9633,42.6598
2023-04-07 09:14:50,0.2541,-0.9625,-0.0207,-0.0031,0.0046,-0.0492,0.0194,-0.08,-0.0752,1.6834,1.3111,1.896,-0.8741,-0.4133,-0.2552,-0.2434,-0.082,0.9665,-0.4204,0.9069,-0.0289,-0.2433,0.6747,0.6941,-0.0612,46.632185,8.59201,0.4026,82.9,1438.627197,74.0,3.9,-1.0,Unknown,High,85.1657,-0.103,-131.715,39.914,-18.5945,-23.4259,10.6052,39.4618
2023-04-07 09:14:51,0.3339,-0.9404,-0.0037,0.0043,0.0037,0.0044,-0.0818,-0.1381,-0.1395,1.5458,1.2353,1.9436,-0.8882,-0.3205,-0.3292,-0.3066,-0.1199,0.9442,-0.3422,0.9396,0.0082,-0.2364,0.6633,0.71,-0.0049,46.632139,8.591896,1.009,91.6,1438.630493,76.8,3.9,-1.0,Unknown,High,85.1658,-0.111,-126.4155,40.9175,-19.4431,-17.9507,11.5825,38.5419
2023-04-07 09:14:52,0.3344,-0.9432,-0.0029,0.006,0.0012,-0.0019,0.0194,0.0126,0.0009,1.5695,1.2363,1.923,-0.8871,-0.3246,-0.3283,-0.3081,-0.1132,0.9446,-0.3438,0.9391,0.0004,-0.2376,0.6658,0.7072,-0.0058,46.632029,8.591655,1.791,91.6,1438.63562,77.8,4.0,250.7,Stationary,Low,85.1658,-0.111,-126.4339,41.1285,-19.2279,-18.0433,11.7303,38.8136
2023-04-07 09:14:53,0.3241,-0.9459,0.0026,0.0017,-0.0005,-0.0003,0.0123,0.0087,0.0081,1.5797,1.2416,1.9161,-0.8874,-0.3286,-0.3233,-0.3042,-0.1094,0.9463,-0.3464,0.9381,-0.0029,-0.2371,0.6672,0.706,-0.0087,46.63201,8.591686,0.0,91.6,1438.625366,79.3,4.0,-1.0,Stationary,Low,85.1664,-0.1664,-127.0173,41.188,-18.5974,-18.5451,11.7917,39.1988
2023-04-07 09:14:54,0.3211,-0.9505,0.0097,-0.0012,-0.0036,0.0063,0.0081,0.0104,0.0087,1.5806,1.2425,1.9182,-0.8867,-0.3314,-0.3224,-0.3032,-0.1098,0.9466,-0.3491,0.9371,-0.0031,-0.2378,0.6671,0.7059,-0.01,46.632052,8.59175,0.2401,91.6,1438.620605,80.2,4.0,-1.0,Stationary,Low,85.1664,-0.1664,-127.3756,40.9789,-19.1083,-18.8659,11.643,38.9123
2023-04-07 09:14:55,0.3423,-0.9416,0.0173,0.0056,-0.0006,0.0115,0.0032,0.0047,0.0109,1.5884,1.2273,1.9638,-0.863,-0.3767,-0.3367,-0.3111,-0.129,0.9416,-0.3982,0.9173,-0.0059,-0.2607,0.6595,0.7046,-0.0233,46.632052,8.591749,0.0,89.5,1438.621582,81.0,3.9,-1.0,Stationary,Low,85.1664,-0.1664,-126.8456,41.0799,-18.8465,-18.3662,11.7896,39.162
2023-04-07 09:14:56,0.3369,-0.9421,0.016,0.0044,0.0011,0.0047,0.0039,-0.0099,0.032,1.6045,1.2313,1.9594,-0.8593,-0.3883,-0.3328,-0.3081,-0.1262,0.9429,-0.4081,0.9129,-0.0112,-0.2637,0.6604,0.7025,-0.0285,46.632052,8.591749,0.0,88.5,1438.621582,77.8,3.9,-1.0,Unknown,High,85.1664,-0.1691,-127.4334,41.5196,-18.8104,-18.9831,12.1903,39.2261
2023-04-07 09:14:57,0.3468,-0.9403,0.0252,0.0131,0.0017,-0.0014,0.0037,0.0075,0.0135,1.6505,1.2294,1.9538,-0.8415,-0.4249,-0.3337,-0.3105,-0.1251,0.9423,-0.4421,0.8966,-0.0267,-0.2785,0.6601,0.6964,-0.0411,46.632044,8.591901,0.3073,87.4,1438.663574,51.5,4.0,-1.0,Stationary,Low,85.1664,-0.1691,-128.1275,41.7901,-18.2674,-19.7533,12.22,39.4523
2023-04-07 09:14:58,0.3296,-0.9516,0.0338,0.0057,-0.0063,0.0046,0.0181,-0.0511,0.0316,1.6611,1.2391,1.9294,-0.8501,-0.4149,-0.3243,-0.305,-0.1143,0.9455,-0.4293,0.9027,-0.0294,-0.2709,0.6643,0.6955,-0.0395,46.632044,8.591902,0.0,87.4,1438.665649,53.0,4.0,-1.0,Unknown,High,85.1656,-0.0897,-128.2953,41.6718,-18.5084,-19.8599,12.4482,39.397
2023-04-07 09:14:59,0.3248,-0.9463,0.0334,0.0029,-0.0004,0.0004,0.0104,0.0042,0.0102,1.6709,1.2413,1.9209,-0.8501,-0.4168,-0.3219,-0.3039,-0.111,0.9462,-0.4301,0.9022,-0.0323,-0.2708,0.6655,0.6944,-0.0406,46.632057,8.5919,0.3095,87.4,1438.665771,52.8,3.9,-1.0,Stationary,Low,85.1655,-0.0819,-128.1749,41.7847,-18.2355,-19.9695,12.4731,40.2182
2023-04-07 09:15:00,0.3196,-0.9471,0.0311,0.0005,0.0008,-0.0007,0.0147,0.0079,0.0169,1.6716,1.2443,1.922,-0.8502,-0.4187,-0.3191,-0.3012,-0.1104,0.9472,-0.4318,0.9014,-0.0323,-0.2704,0.6656,0.6943,-0.0423,46.632058,8.591901,0.0,86.4,1438.667847,45.7,3.9,-1.0,Stationary,Low,85.1655,-0.0819,-128.8869,41.7736,-17.7002,-20.4918,12.2807,40.2723
2023-04-07 09:15:01,0.3166,-0.9588,0.0229,0.0026,-0.0096,-0.0073,-0.0014,0.0071,0.0051,1.6679,1.251,1.9346,-0.8485,-0.4268,-0.3129,-0.2938,-0.1119,0.9493,-0.4401,0.8974,-0.0305,-0.271,0.6647,0.6946,-0.0479,46.632058,8.591901,0.0,85.4,1438.667847,45.5,4.0,-1.0,Stationary,Low,85.1655,-0.0819,-128.4545,43.8235,-18.3284,-19.6808,14.3314,39.6984
2023-04-07 09:15:02,0.0155,-0.9788,0.0969,-0.0097,0.0145,-0.0357,0.042,0.1367,0.1371,2.9442,1.4357,0.8114,-0.816,-0.5774,-0.0264,-0.0977,0.0927,0.9909,-0.5697,0.8112,-0.1321,-0.2363,0.7143,0.6307,-0.1901,46.632058,8.591901,0.0,59.9,1438.667847,45.1,3.9,-1.0,Unknown,High,85.1654,-0.0713,-143.0848,47.2711,-17.3135,-34.7945,17.6334,40.7287
2023-04-07 09:15:03,0.068,-0.9819,0.2051,-0.0055,-0.0126,-0.0305,0.2468,0.2083,0.1358,2.8529,1.3238,1.0117,-0.7425,-0.6662,-0.0696,-0.2073,0.1297,0.9697,-0.637,0.7344,-0.2344,-0.3009,0.7257,0.587,-0.1955,46.631904,8.591921,0.4236,55.6,1438.582153,46.3,4.0,-1.0,Unknown,High,85.1649,-0.0291,-144.4208,50.7282,-15.4227,-35.6994,21.3144,42.9631
2023-04-07 09:15:04,0.0299,-0.972,0.2329,0.0042,-0.0019,-0.007,0.1073,-0.0044,0.1062,3.042,1.3282,0.8388,-0.7369,-0.6756,-0.0239,-0.1787,0.1605,0.9707,-0.652,0.7196,-0.239,-0.2922,0.7308,0.5782,-0.2149,46.631885,8.591912,0.5962,52.3,1438.586548,47.7,3.9,-1.0,Unknown,High,85.1645,0.0106,-146.6996,50.7127,-15.7078,-37.7777,21.5165,42.0941
2023-04-07 09:15:05,0.0248,-0.9844,0.226,0.005,-0.0094,0.0019,0.0132,-0.0052,-0.0288,3.0572,1.345,0.8329,-0.7311,-0.682,-0.0189,-0.1656,0.1506,0.9746,-0.6618,0.7157,-0.223,-0.2921,0.7254,0.5826,-0.2216,46.631868,8.591962,0.7284,52.3,1438.636353,48.5,3.9,-1.0,Unknown,High,85.1643,0.0317,-146.708,55.0116,-16.4585,-37.8484,25.6145,41.4119
2023-04-07 09:15:06,0.0182,-0.974,0.2258,-0.0028,-0.0005,-0.0022,-0.0003,0.0243,0.0168,3.0477,1.34,0.8287,-0.7401,-0.6721,-0.0214,-0.1686,0.1546,0.9735,-0.651,0.7241,-0.2277,-0.2885,0.7284,0.5826,-0.2161,46.631849,8.591969,0.8524,52.3,1438.640503,50.3,3.9,-1.0,Unknown,High,85.1643,0.0292,-146.4779,52.2052,-16.4722,-38.162,22.3848,41.838
2023-04-07 09:15:07,0.013,-0.9875,0.2241,0.0036,-0.0165,-0.013,0.016,-0.0339,0.0221,3.1053,1.3309,0.7789,-0.7359,-0.677,-0.0086,-0.1669,0.1691,0.9714,-0.6561,0.7163,-0.2374,-0.2883,0.7319,0.5765,-0.2212,46.631815,8.591982,0.9626,51.3,1438.635742,52.6,4.0,-1.0,Stationary,Low,85.1643,0.0292,-148.2376,48.2558,-16.0378,-39.7984,19.2626,41.9792
2023-04-07 09:15:08,0.0039,-0.9656,0.2662,0.0009,-0.0023,-0.0019,0.1329,-0.0123,0.0483,3.1322,1.2991,0.7201,-0.7577,-0.6526,-0.0025,-0.1769,0.2017,0.9633,-0.6281,0.7304,-0.2683,-0.2779,0.7463,0.5674,-0.2096,46.631801,8.591991,0.0,52.3,1438.631104,55.6,4.0,-1.0,Unknown,High,85.1643,0.0292,-148.174,49.2603,-14.4487,-39.5841,19.9528,43.5863
2023-04-07 09:15:09,0.0074,-0.964,0.2629,-0.0009,0.0012,0.0013,0.0135,-0.0036,0.0065,3.1099,1.3061,0.7535,-0.7499,-0.6615,-0.0083,-0.179,0.1908,0.9652,-0.6369,0.7253,-0.2614,-0.2832,0.742,0.5696,-0.2118,46.63178,8.592004,1.0712,52.3,1438.630615,59.1,4.0,-1.0,Unknown,High,85.1645,0.0106,-148.265,48.5567,-14.4161,-39.9576,19.3772,43.6343
2023-04-07 09:15:10,-0.0151,-0.974,0.2873,-0.0244,-0.0096,0.023,0.0047,0.0136,0.0087,3.1094,1.305,0.7449,-0.7558,-0.6547,-0.0084,-0.1781,0.1931,0.9649,-0.6301,0.7308,-0.2625,-0.28,0.7435,0.5701,-0.209,46.631757,8.592019,1.1487,52.3,1438.626221,62.7,3.9,-1.0,Stationary,Low,85.165,-0.0396,-147.9848,48.959,-13.8811,-39.6285,19.2171,44.0331
2023-04-07 09:15:11,0.0226,-0.9548,0.2874,-0.0055,0.0054,0.0085,0.057,-0.219,-0.0558,3.0432,1.2869,0.8103,-0.7543,-0.656,-0.0275,-0.2029,0.193,0.96,-0.6244,0.7297,-0.2787,-0.2878,0.746,0.5662,-0.2,46.631751,8.592022,0.0,55.2,1438.630127,67.3,3.9,-1.0,Unknown,High,85.165,-0.0396,-147.6061,47.878,-13.1241,-39.0735,18.7681,44.6864
2023-04-07 09:15:12,0.004,-0.9649,0.2755,0.0008,-0.0019,0.0051,-0.0064,0.029,0.0771,3.1302,1.2971,0.7135,-0.7632,-0.6461,-0.0031,-0.1769,0.2044,0.9628,-0.6215,0.7353,-0.2703,-0.2751,0.748,0.5676,-0.2067,46.631738,8.592025,1.1344,53.2,1438.636353,71.6,3.9,-1.0,Unknown,High,85.165,-0.037,-148.6215,48.1871,-14.1774,-40.0552,19.3176,44.0564
2023-04-07 09:15:13,-0.0036,-0.9688,0.2716,-0.0013,-0.0056,0.0018,0.0093,0.0133,0.0074,-3.1361,1.2985,0.7069,-0.757,-0.6534,0.0015,-0.1747,0.2045,0.9631,-0.6297,0.7288,-0.269,-0.2772,0.7467,0.5665,-0.2113,46.631728,8.59203,1.1344,53.2,1438.640015,76.8,4.0,-1.0,Unknown,High,85.1649,-0.0237,-148.514,48.6963,-13.9751,-40.4331,19.3409,44.1542
2023-04-07 09:15:14,-0.0017,-0.9669,0.2671,0.001,-0.0036,-0.002,0.0082,-0.0023,0.0076,-3.1308,1.2981,0.7063,-0.754,-0.6569,0.0029,-0.1748,0.2049,0.963,-0.6332,0.7256,-0.2694,-0.2786,0.7464,0.5656,-0.2131,46.631718,8.592034,1.1344,52.1,1438.643066,82.3,4.1,-1.0,Stationary,Low,85.1649,-0.0237,-149.2497,48.7644,-14.6682,-40.2235,19.3809,43.7487
2023-04-07 09:15:15,-0.0029,-0.9687,0.2764,-0.0022,-0.0053,0.0078,0.017,-0.01,0.0162,-3.1404,1.2979,0.7087,-0.7584,-0.6518,0.0003,-0.1754,0.2046,0.963,-0.6277,0.7303,-0.2695,-0.2768,0.7471,0.5666,-0.2102,46.631718,8.592034,0.0,52.1,1438.643066,86.9,4.3,-1.0,Stationary,Low,85.1649,-0.0237,-148.8911,48.5033,-13.7598,-40.1279,19.3242,44.4619
2023-04-07 09:15:16,-0.0066,-0.9635,0.2702,-0.0059,-0.0008,0.0005,0.0285,0.0191,0.0096,-3.1381,1.2983,0.7091,-0.7567,-0.6537,0.0009,-0.1753,0.2043,0.9631,-0.6298,0.7286,-0.2691,-0.2776,0.7467,0.5664,-0.2112,46.631718,8.592034,0.0,52.1,1438.643066,92.1,4.5,-1.0,Stationary,Low,85.1649,-0.0291,-148.6291,48.1742,-14.1527,-40.301,19.2891,43.579
2023-04-07 09:15:17,0.0016,-0.9673,0.2616,-0.0022,-0.0023,-0.0045,0.0083,-0.0259,0.0017,3.1288,1.3011,0.718,-0.7612,-0.6486,-0.0034,-0.1753,0.2006,0.9639,-0.6244,0.7343,-0.2664,-0.2759,0.7464,0.5688,-0.208,46.631718,8.592034,0.0,53.2,1438.643066,97.4,4.7,-1.0,Stationary,High,85.1651,-0.0422,-148.3334,48.6974,-13.13,-39.8923,19.3696,44.197
2023-04-07 09:15:18,-0.0018,-0.9653,0.2721,-0.0025,-0.0018,0.0025,0.0153,0.0081,0.0061,3.1389,1.2981,0.7151,-0.7568,-0.6537,-0.0007,-0.1766,0.2034,0.963,-0.6294,0.7289,-0.2693,-0.278,0.7466,0.5666,-0.2105,46.631718,8.592034,0.0,53.2,1438.643066,57.6,4.6,-1.0,Stationary,High,85.1652,-0.0502,-148.7897,48.7518,-13.7381,-40.0548,19.5726,43.9613
2023-04-07 09:15:19,-0.0002,-0.961,0.2671,-0.0011,0.0016,-0.0027,0.0103,0.0058,0.005,3.1412,1.297,0.7148,-0.7555,-0.6551,-0.0001,-0.1772,0.2042,0.9627,-0.6307,0.7274,-0.2704,-0.2787,0.7467,0.5659,-0.2111,46.631718,8.592034,0.0,53.2,1438.643066,56.6,4.2,-1.0,Stationary,High,85.1653,-0.0634,-149.1573,48.7964,-13.9853,-40.7557,19.5428,44.0803
2023-04-07 09:15:20,0.0035,-0.9638,0.2708,0.0013,-0.0007,0.0002,0.0138,0.0071,0.0084,3.1325,1.2971,0.7164,-0.7599,-0.6501,-0.0025,-0.1775,0.2039,0.9628,-0.6254,0.732,-0.2703,-0.2768,0.7473,0.5669,-0.2084,46.631718,8.592034,0.0,53.2,1438.643066,56.3,3.9,-1.0,Stationary,High,85.1654,-0.0686,-148.628,48.6331,-13.9497,-39.8375,19.4809,44.1295
2023-04-07 09:15:21,-0.0004,-0.9587,0.2602,-0.0054,0.0007,-0.0148,0.0114,0.0178,0.0081,3.1208,1.2929,0.7162,-0.7673,-0.6413,-0.0057,-0.1801,0.2069,0.9616,-0.6155,0.7389,-0.2743,-0.2739,0.7498,0.567,-0.2033,46.631718,8.592034,0.0,53.2,1438.643066,56.2,3.7,-1.0,Stationary,High,85.1654,-0.0686,-150.0636,47.5514,-12.9701,-41.7529,18.1239,45.3346
2023-04-07 09:15:22,-0.0056,-0.9637,0.2527,-0.009,0.0007,-0.0131,0.1264,-0.1633,-0.069,3.1246,1.302,0.7055,-0.7718,-0.6358,-0.0045,-0.1722,0.2022,0.9641,-0.612,0.7449,-0.2655,-0.27,0.7483,0.571,-0.203,46.632221,8.591842,0.0,54.7,1441.75,26.7,8.0,-1.0,Unknown,High,85.1653,-0.0581,-149.5808,47.2083,-13.3915,-41.3082,17.9541,44.5798
2023-04-07 09:15:23,0.0033,-0.9589,0.2744,-0.0047,0.0028,0.0005,-0.0189,0.0277,0.0217,3.1095,1.293,0.7233,-0.7697,-0.6384,-0.0088,-0.1815,0.2056,0.9617,-0.6121,0.7418,-0.2741,-0.2733,0.7499,0.5679,-0.2011,46.632221,8.591842,0.0,54.6,1441.75,27.8,8.0,-1.0,Unknown,High,85.1653,-0.0581,-149.2704,47.7124,-13.4599,-40.6485,17.9909,44.7914
2023-04-07 09:15:24,0.006,-0.9674,0.2807,0.0014,-0.0061,0.0041,0.0102,0.0032,0.0013,3.119,1.2892,0.7195,-0.7662,-0.6425,-0.0063,-0.1832,0.209,0.9606,-0.6159,0.7372,-0.2778,-0.275,0.7505,0.5656,-0.2031,46.632293,8.591811,0.0,54.6,1441.076172,27.5,12.0,-1.0,Stationary,Low,85.1652,-0.0554,-150.3729,47.103,-12.5835,-42.1932,17.9749,45.2251
2023-04-07 09:15:25,0.0227,-0.942,0.2834,0.0029,0.0174,0.0055,0.0372,-0.0478,0.0057,3.071,1.2876,0.7471,-0.7778,-0.6282,-0.0197,-0.1899,0.205,0.9602,-0.5991,0.7506,-0.2787,-0.272,0.7519,0.5688,-0.1926,46.632295,8.591808,0.0,55.7,1441.011353,29.5,12.0,-1.0,Unknown,High,85.1652,-0.0554,-148.6304,47.2029,-12.3113,-39.9228,17.9722,45.754
2023-04-07 09:15:26,0.0113,-0.9599,0.2841,-0.0019,0.0005,0.006,-0.0001,0.0286,0.0164,3.0941,1.2882,0.7358,-0.771,-0.6367,-0.0132,-0.1872,0.2067,0.9603,-0.6087,0.7429,-0.2785,-0.2742,0.751,0.567,-0.1982,46.632295,8.591808,0.0,55.7,1441.011353,29.8,12.0,-1.0,Unknown,High,85.1652,-0.0554,-148.4761,47.9063,-13.1356,-40.0492,18.6884,45.2939
2023-04-07 09:15:27,-0.0025,-0.9568,0.248,-0.0213,0.0067,-0.0144,0.0124,0.0065,-0.0035,3.0716,1.3046,0.7631,-0.7676,-0.6407,-0.0184,-0.1818,0.1901,0.9648,-0.6146,0.7439,-0.2624,-0.276,0.745,0.5734,-0.2001,46.631805,8.591997,0.0387,54.7,1438.6427,57.6,3.5,-1.0,Stationary,Low,85.1652,-0.0554,-147.7017,48.28,-13.7668,-39.321,18.9346,44.2279
2023-04-07 09:15:28,0.0301,-0.9682,0.2229,-0.0066,-0.0009,-0.0248,-0.0446,-0.0012,-0.0559,2.9946,1.3156,0.8514,-0.7584,-0.6507,-0.037,-0.1899,0.1663,0.9676,-0.6235,0.7409,-0.2497,-0.285,0.7373,0.5793,-0.1989,46.631805,8.591997,0.0,55.7,1438.642822,57.6,3.5,-1.0,Unknown,High,85.1653,-0.0581,-147.193,48.0899,-14.7574,-38.2931,18.9051,43.6293
2023-04-07 09:15:29,0.0299,-0.9521,0.2675,-0.0056,0.019,0.0369,-0.0174,0.0324,0.0183,2.9863,1.3304,0.8539,-0.7624,-0.6461,-0.0368,-0.1795,0.1564,0.9712,-0.6217,0.7471,-0.2352,-0.2812,0.7338,0.5854,-0.1993,46.631844,8.591933,0.4463,55.7,1438.636353,57.6,3.6,-1.0,Unknown,High,85.1653,-0.0581,-146.7136,47.2937,-14.421,-38.1318,18.103,43.5348
2023-04-07 09:15:30,-0.0097,-0.9714,0.2328,-0.0345,0.0009,-0.0068,-0.0151,0.077,0.0301,3.0434,1.3308,0.8374,-0.7369,-0.6756,-0.0233,-0.1766,0.1591,0.9713,-0.6525,0.7199,-0.2366,-0.2918,0.7302,0.579,-0.2154,46.631834,8.591903,0.4097,52.6,1438.596924,56.0,3.6,-1.0,Unknown,High,85.1653,-0.0581,-148.7524,47.84,-15.329,-39.6495,18.3694,42.7138
2023-04-07 09:15:31,0.0106,-0.9746,0.2629,-0.0182,-0.0069,0.0137,0.0713,0.0173,0.0148,3.0198,1.3162,0.848,-0.7448,-0.6666,-0.0306,-0.1889,0.1666,0.9678,-0.64,0.7265,-0.25,-0.291,0.7351,0.5762,-0.2073,46.631864,8.591868,0.4696,53.6,1438.60376,57.1,3.7,-1.0,Unknown,High,85.1651,-0.0448,-147.5919,47.8555,-14.8409,-39.2461,18.6028,43.1723
2023-04-07 09:15:32,0.0352,-0.9504,0.2623,0.004,0.0161,0.0087,0.0482,-0.1223,0.0372,3.0218,1.3123,0.8555,-0.7384,-0.6737,-0.0305,-0.1929,0.1676,0.9668,-0.6462,0.7197,-0.2538,-0.2949,0.7348,0.5738,-0.2095,46.631836,8.591898,0.3817,53.5,1438.608643,58.0,3.7,-1.0,Unknown,High,85.1651,-0.0448,-147.6445,48.191,-15.3871,-39.4801,18.8683,42.9098
2023-04-07 09:15:33,0.0455,-0.9864,0.211,0.025,-0.011,-0.0139,-0.0132,0.0576,-0.0074,3.0618,1.3423,0.8782,-0.6963,-0.7176,-0.0181,-0.1743,0.1446,0.974,-0.6963,0.6813,-0.2257,-0.3102,0.7188,0.5757,-0.2359,46.631839,8.591889,0.3855,49.1,1438.612183,60.4,3.8,-1.0,Stationary,Low,85.1651,-0.0448,-149.5334,46.4853,-17.4038,-41.0007,17.1093,40.5415
2023-04-07 09:15:34,0.0392,-1.0282,0.1943,0.0158,-0.0536,-0.0055,-0.0915,0.1136,-0.0211,3.0138,1.3583,0.9472,-0.6803,-0.7325,-0.0269,-0.1712,0.1232,0.9775,-0.7127,0.6696,-0.2092,-0.3185,0.7093,0.5805,-0.2417,46.631844,8.59188,0.0,48.0,1438.615845,63.4,3.8,-1.0,Unknown,High,85.1651,-0.0422,-149.3322,45.2011,-18.6038,-40.7172,15.9842,39.3923
2023-04-07 09:15:35,-0.0016,-0.9736,0.2248,-0.0325,0.0,0.002,0.1078,-0.0908,0.0159,3.0001,1.343,0.9747,-0.6695,-0.7421,-0.0319,-0.1869,0.1268,0.9742,-0.7189,0.6582,-0.2236,-0.3268,0.7106,0.5743,-0.2417,46.631855,8.591861,0.4422,48.0,1438.619263,66.7,3.8,-1.0,Unknown,High,85.1651,-0.0422,-149.8452,45.6665,-17.3051,-41.1834,16.1903,40.7927
2023-04-07 09:15:36,-0.0148,-0.9954,0.2455,-0.0498,-0.0206,0.0116,0.0448,-0.0453,0.0025,2.9974,1.3325,0.9366,-0.6989,-0.7144,-0.0339,-0.1902,0.1399,0.9717,-0.6895,0.6856,-0.2336,-0.3142,0.7198,0.5756,-0.2277,46.6319,8.59186,0.2479,50.1,1438.652954,63.7,3.9,-1.0,Unknown,High,85.1651,-0.0422,-148.294,46.6463,-16.8692,-39.6811,17.4695,41.2196
2023-04-07 09:15:37,0.0304,-0.9695,0.2486,-0.0128,-0.0032,-0.0088,0.0821,-0.1516,0.0235,2.972,1.308,0.8856,-0.7499,-0.6601,-0.0438,-0.2012,0.1644,0.9657,-0.6302,0.733,-0.2561,-0.2923,0.7366,0.5765,-0.199,46.631961,8.591889,0.2145,54.2,1438.647339,54.6,3.9,-1.0,Unknown,High,85.1651,-0.0422,-151.437,44.8794,-14.846,-42.9114,15.536,43.8628
2023-04-07 09:15:38,0.0573,-0.9577,0.2806,-0.0024,0.0012,0.0015,0.0901,-0.1732,0.0267,2.924,1.2829,0.8971,-0.7709,-0.6339,-0.0613,-0.2219,0.1771,0.9588,-0.597,0.7528,-0.2772,-0.2869,0.7459,0.5737,-0.1796,46.631948,8.591897,0.1471,58.5,1438.635742,56.1,3.9,-1.0,Unknown,High,85.1649,-0.0237,-149.6696,45.9903,-13.6129,-41.0871,16.6151,44.8652
2023-04-07 09:15:39,0.0921,-0.9602,0.2975,0.023,-0.0102,-0.0032,0.064,-0.0284,0.0044,2.9118,1.2568,0.9045,-0.7721,-0.6315,-0.0703,-0.2428,0.1909,0.9511,-0.5872,0.7515,-0.3007,-0.2906,0.7523,0.5658,-0.1718,46.631949,8.591897,0.136,59.5,1438.636475,58.8,4.0,-1.0,Unknown,High,85.1648,-0.0132,-144.2278,49.1095,-12.911,-36.2433,19.5693,44.6796
2023-04-07 09:15:40,0.0268,-0.9537,0.2879,-0.0368,0.0034,0.0002,-0.0854,0.0422,0.0308,2.9321,1.27,0.9012,-0.7629,-0.6436,-0.0616,-0.2323,0.1839,0.9551,-0.6034,0.743,-0.2898,-0.2928,0.7478,0.5677,-0.1811,46.631957,8.591905,0.2094,58.4,1438.639893,60.4,3.9,-1.0,Unknown,High,85.1646,0.0,-145.1541,48.9845,-13.9173,-36.9163,19.575,44.2173
2023-04-07 09:15:41,0.033,-0.9574,0.2791,-0.0327,-0.0036,-0.0155,-0.0135,0.0132,0.0286,2.9479,1.2675,0.8977,-0.7554,-0.6527,-0.0575,-0.2335,0.1862,0.9544,-0.6122,0.7344,-0.2931,-0.2964,0.7474,0.5648,-0.1856,46.631958,8.591906,0.1991,56.3,1438.639648,63.7,3.9,-1.0,Unknown,High,85.1646,0.0079,-145.6779,49.4366,-14.427,-37.1104,20.0755,43.6274
2023-04-07 09:15:42,0.043,-0.9379,0.2804,-0.012,0.0163,-0.0174,0.0095,-0.1467,0.066,2.9558,1.264,0.904,-0.7463,-0.6633,-0.0558,-0.2373,0.1868,0.9533,-0.6219,0.7246,-0.2968,-0.3016,0.7466,0.5618,-0.1896,46.632013,8.592075,0.9152,56.2,1438.662964,48.6,3.9,-1.0,Unknown,High,85.1646,0.0079,-145.641,49.3928,-13.8829,-37.3524,19.9467,44.2218
2023-04-07 09:15:43,0.0543,-0.9615,0.2763,-0.0016,-0.0013,0.0012,0.0492,0.0547,0.0201,2.9478,1.288,0.9237,-0.7391,-0.6714,-0.0537,-0.2226,0.1682,0.9603,-0.6357,0.7217,-0.2738,-0.3027,0.7384,0.5694,-0.197,46.632117,8.592119,0.8488,55.2,1438.655884,40.6,3.9,-1.0,Unknown,High,85.1645,0.0133,-146.522,48.4738,-14.6051,-37.9264,19.2319,42.9353
2023-04-07 09:15:44,0.065,-0.9583,0.2878,0.0174,-0.0003,0.0181,-0.0065,0.0313,0.0023,2.968,1.2956,0.9158,-0.7319,-0.6798,-0.0469,-0.2155,0.1656,0.9624,-0.6465,0.7144,-0.2677,-0.3043,0.7357,0.5698,-0.2037,46.632118,8.592106,0.3917,54.2,1438.64978,41.5,3.9,-1.0,Unknown,High,85.1645,0.0133,-146.9472,48.6071,-14.5625,-38.6251,19.7535,43.3142
2023-04-07 09:15:45,0.0479,-0.9516,0.2353,0.0691,0.0276,0.0255,-0.0777,0.1575,0.0528,-3.0557,1.3542,0.6541,-0.7397,-0.6727,0.0184,-0.1307,0.1705,0.9766,-0.6601,0.72,-0.2141,-0.2756,0.7288,0.582,-0.2328,46.63212,8.59211,0.3806,50.7,1438.647461,43.8,3.9,-1.0,Unknown,High,85.1646,0.0027,-149.1136,48.8818,-17.0556,-40.2236,19.8402,41.041
2023-04-07 09:15:46,0.0366,-0.9808,0.2788,0.0358,-0.0079,0.0647,0.0306,0.0304,-0.0031,3.1236,1.3522,0.7387,-0.751,-0.6602,-0.0039,-0.146,0.1604,0.9762,-0.6439,0.7337,-0.2168,-0.2763,0.7294,0.5861,-0.2194,46.632149,8.592117,0.4404,51.8,1438.64502,45.9,3.9,-1.0,Unknown,High,85.1647,-0.0052,-147.5772,48.876,-16.4439,-39.464,19.8293,41.5089
2023-04-07 09:15:47,0.0231,-0.9536,0.2495,-0.0041,0.0137,-0.0013,0.0973,0.0097,-0.0128,3.0363,1.3157,0.8297,-0.7464,-0.665,-0.0265,-0.1862,0.1704,0.9676,-0.639,0.7271,-0.251,-0.2891,0.7362,0.5755,-0.208,46.632198,8.592122,0.3193,52.9,1438.641846,45.4,3.9,-1.0,Unknown,High,85.1647,-0.0078,-146.7194,49.7903,-15.6964,-38.3004,20.2915,42.6008
